
5.542253521126761
5.786407766990291
5.7055837563451774
5.82475884244373
5.8708133971291865
5.576859504132232
5.7283333333333335
5.634740259740259
5.517887563884157
5.602451838879159
5.703764320785598
5.848631239935588
5.488926746166951
5.696428571428571
5.81438127090301
5.68448275862069
5.936454849498328
5.699834162520729
5.730829420970266
5.501666666666667
5.5733558178752105
5.6558441558441555
5.876422764227642
5.609589041095891
5.384751773049645
5.771720613287904
5.65625
5.872374798061389
5.52542372881356
5.634517766497462
5.757314974182444
5.799657534246576
5.776614310645725
5.713355048859935
5.330404217926186
5.8995290423861855
5.628813559322034
5.508591065292096
5.622641509433962
5.854604200323101
5.467826086956522
5.718333333333334
5.582381729200653
5.623376623376624
5.754530477759473
5.636672325976231
5.64321608040201
5.590339892665474
5.901743264659271
5.766129032258065
5.794361525704809
5.67109634551495
5.725388601036269
5.734094616639478
5.671666666666667
5.845771144278607
5.565359477124183
5.752864157119476
5.628378378378378
5.7751572327044025
5.697635135135135
5.808477237048666
5.8525121555915725
5.707236842105263
5.743961352657005
5.518324607329843
5.363138686131387
6.0932896890343695
5.948717948717949
5.74055829228243
5.58664546899841
5.7152
5.794376098418278
5.6661016949152545
5.48440366972477
5.754934210526316
5.740303541315345
5.654867256637168
5.633825944170772
5.701666666666667
5.669354838709677
5.792703150912106
5.751623376623376
5.806070826306914
5.698675496688741
5.791735537190083
5.790082644628099
5.7941653160453805
5.708860759493671
5.69935691318328
5.688963210702341
5.799357945425361
6.186495176848875
5.915
5.835924006908463
5.9301533219761495
5.69016393442623
5.704099821746881
5.871794871794871
6.034201954397394
5.78839590443686
5.758564437194127
5.7478991596638656
6.1056
6.1410048622366284
5.947772657450077
5.9417322834645665
5.793760831889082
5.79222972972973
5.871125611745514
5.910806174957118
5.8592715231788075
5.927835051546392
5.706390328151986
5.946218487394958
6.001661129568106
6.1066666666666665
5.82890365448505
5.7317073170731705
6.146103896103896
6.028099173553719
5.598275862068966
6.148148148148148
5.9689119170984455
6.117647058823529
5.863636363636363
5.884176182707994
5.903553299492386
6.084415584415584
6.193910256410256
5.901294498381877
6.171568627450981
6.02542372881356
6.0907617504051865
6.138314785373609
6.131666666666667
5.893155258764608
5.8
6.138211382113822
5.972624798711755
6.2544
6.309364548494983
6.072026800670017
6.163297045101088
6.1687898089171975
6.321928460342146
6.070934256055363
6.1879194630872485
6.143089430894309
6.306688417618271
6.067524115755627
6.5625
6.191637630662021
6.294585987261146
6.199664429530201
6.14853195164076
6.04180602006689
6.338954468802698
6.193069306930693
6.332802547770701
5.86231884057971
6.435075885328836
6.1755852842809364
6.3076923076923075
6.374576271186441
6.156302521008404
6.38358458961474
6.166112956810632
6.527145359019264
6.430232558139535
6.470489038785835
6.47986577181208
6.382550335570469
6.205574912891986
6.490998363338789
6.3908629441624365
6.555555555555555
6.68189233278956
6.438825448613377
6.398009950248756
6.576666666666667
6.34965034965035
6.280405405405405
6.341666666666667
6.718543046357616
6.367972742759796
6.320272572402044
6.650501672240803
6.443886097152429
6.636518771331058
6.694397283531409
6.561872909698996
6.601652892561983
6.603896103896104
6.4125874125874125
6.43801652892562
6.322751322751323
6.636215334420881
6.726984126984127
6.6117274167987325
6.54453781512605
6.844444444444444
6.575129533678757
6.6545768566493955
6.755480607082631
6.4772727272727275
6.564569536423841
6.702341137123746
6.6520210896309315
6.602649006622516
6.9576802507836994
6.781045751633987
6.739549839228296
6.659395973154362
5.695364238410596
5.607553366174056
5.5531197301854975
5.535836177474403
5.712903225806452
5.477966101694915
5.647058823529412
5.528301886792453
5.504934210526316
5.762684124386252
5.843959731543624
5.5524956970740105
5.427597955706985
5.6644295302013425
5.623762376237623
5.74
6.134550371872887
6.298507462686567
6.199455411844792
6.179504353650368
6.266085790884718
6.214892227302417
6.2854237288135595
6.183467741935484
6.140056022408964
6.391936549900859
6.156424581005586
5.691525423728813
5.475524475524476
5.651408450704225
5.625
5.547038327526132
5.652777777777778
5.833876221498372
5.665505226480836
5.770764119601329
5.6689419795221845
5.829787234042553
5.570032573289902
5.491039426523297
5.43448275862069
5.901273885350318
5.582802547770701
5.741610738255034
5.7885906040268456
5.780254777070064
5.555194805194805
5.450511945392491
5.709030100334449
5.697160883280757
5.6537216828478964
5.746710526315789
5.674657534246576
5.5121107266435985
5.635714285714286
5.6466666666666665
5.82484076433121
5.752380952380952
5.780821917808219
5.590909090909091
5.601374570446735
5.598070739549839
5.616438356164384
5.695652173913044
5.670212765957447
5.623728813559322
5.397111913357401
5.445229681978798
5.907407407407407
6.015723270440252
5.313380281690141
5.766447368421052
5.599337748344371
5.707070707070707
5.785714285714286
5.461038961038961
5.837579617834395
5.745033112582782
5.702875399361022
5.8328173374613
5.616393442622951
5.557046979865772
5.5675675675675675
5.8
5.83623693379791
5.864516129032258
5.64983164983165
5.814024390243903
5.861290322580645
5.930599369085174
5.951456310679611
5.846666666666667
5.598101265822785
5.768456375838926
5.597359735973598
5.46830985915493
5.777777777777778
5.952229299363057
6.027397260273973
5.824324324324325
5.677524429967427
5.817589576547231
5.748275862068965
5.605351170568562
5.647840531561462
5.715625
5.618705035971223
5.641114982578397
5.544483985765124
5.564459930313589
5.753333333333333
6.006230529595015
5.666666666666667
5.413114754098361
5.8881578947368425
5.775510204081633
5.4366666666666665
5.852233676975945
5.763975155279503
5.58303886925795
5.996515679442509
5.6325088339222615
6.085409252669039
5.977049180327869
5.7365079365079366
5.823151125401929
5.419795221843003
5.7272727272727275
6.154088050314465
5.821428571428571
5.828671328671328
5.796551724137931
6.420195439739413
5.904761904761905
5.747663551401869
6.020477815699659
5.895622895622895
5.964856230031949
5.877966101694915
5.827361563517916
5.670250896057348
5.496402877697841
5.541044776119403
5.784126984126984
6.092948717948718
5.930232558139535
5.252830188679245
5.9963235294117645
5.6116838487972505
5.794871794871795
6.203592814371257
6.237458193979933
5.929260450160772
5.961290322580645
5.607638888888889
5.8762541806020065
5.803986710963455
6.287581699346405
6.2114093959731544
5.811643835616438
5.868794326241135
5.543554006968641
6.132013201320132
6.033444816053512
6.097222222222222
6.146341463414634
6.2075471698113205
6.258503401360544
6.5563139931740615
6.274247491638796
6.562300319488818
5.947540983606557
6.0
6.117647058823529
6.336538461538462
5.654237288135593
6.3003003003003
5.586805555555555
6.022012578616352
5.958904109589041
5.983660130718954
5.273684210526316
5.713333333333333
5.785714285714286
5.774744027303754
5.719063545150502
5.795527156549521
5.879598662207358
5.509615384615385
5.863481228668942
5.168539325842697
5.8705501618122975
5.505016722408027
5.779310344827586
5.598684210526316
5.875
5.6426332288401255
5.95625
5.506666666666667
5.648936170212766
5.425087108013937
5.305084745762712
5.486486486486487
5.748322147651007
5.865814696485623
5.762057877813505
5.648829431438127
5.879598662207358
5.711111111111111
5.06993006993007
5.65
5.601374570446735
5.694630872483222
5.629032258064516
5.758007117437723
5.406896551724138
5.586956521739131
5.6825938566552905
5.299295774647887
5.775919732441472
5.398648648648648
5.679715302491103
5.543859649122807
5.397163120567376
5.713310580204778
5.5121107266435985
5.757377049180328
5.310580204778157
5.722044728434505
5.533980582524272
5.474747474747475
5.393939393939394
5.383211678832117
5.564459930313589
5.718354430379747
5.704081632653061
5.539792387543253
5.6456140350877195
5.526490066225166
5.633116883116883
5.36896551724138
5.309523809523809
5.385852090032154
5.881410256410256
5.260416666666667
5.5587301587301585
5.487179487179487
5.474522292993631
5.149825783972125
5.6426332288401255
5.686619718309859
5.715909090909091
5.766323024054983
5.384868421052632
5.350694444444445
5.596091205211726
5.69283276450512
5.6558441558441555
5.921985815602837
5.96742671009772
5.759146341463414
5.671009771986971
5.832214765100671
5.583025830258302
6.046052631578948
5.814696485623003
5.654952076677317
5.580756013745704
5.743944636678201
5.724738675958188
5.957597173144876
5.624113475177305
5.961661341853035
5.67037037037037
5.542087542087542
5.785211267605634
5.993311036789297
5.889261744966443
5.919014084507042
5.872964169381108
5.974025974025974
6.2092307692307696
5.565217391304348
5.955631399317406
6.339563862928349
5.768456375838926
5.728758169934641
5.569395017793594
5.8441558441558445
6.19935691318328
5.95
5.996677740863787
5.822695035460993
5.829931972789115
6.045602605863192
6.16955017301038
5.578947368421052
6.029315960912052
5.6687898089171975
6.156739811912225
6.370491803278688
6.169871794871795
5.73943661971831
6.212025316455696
5.896907216494846
5.801302931596092
5.29553264604811
5.824137931034483
5.911764705882353