
358.0
335.0
320.0
375.0
277.0
341.0
341.0
241.0
342.0
255.0
357.0
338.0
309.0
303.0
282.0
292.0
271.0
314.0
301.0
283.0
284.0
292.0
306.0
345.0
311.0
337.0
311.0
295.0
278.0
325.0
240.0
369.0
348.0
287.0
307.0
267.0
241.0
287.0
379.0
332.0
299.0
287.0
318.0
289.0
278.0
269.0
277.0
373.0
350.0
300.0
243.0
230.0
300.0
223.0
271.0
348.0
278.0
273.0
305.0
282.0
306.0
325.0
257.0
305.0
281.0
307.0
222.0
248.0
278.0
266.0
271.0
254.0
242.0
275.0
333.0
309.0
262.0
277.0
251.0
292.0
208.0
285.0
309.0
269.0
210.0
198.0
182.0
281.0
258.0
257.0
245.0
227.0
198.0
280.0
240.0
224.0
287.0
267.0
203.0
281.0
235.0
243.0
218.0
227.0
282.0
258.0
206.0
250.0
206.0
264.0
188.0
226.0
227.0
262.0
194.0
199.0
202.0
220.0
243.0
219.0
227.0
221.0
205.0
270.0
203.0
250.0
184.0
181.0
204.0
364.0
217.0
234.0
249.0
203.0
207.0
163.0
227.0
185.0
172.0
151.0
153.0
191.0
234.0
184.0
295.0
177.0
223.0
148.0
164.0
161.0
202.0
209.0
192.0
244.0
195.0
186.0
242.0
143.0
207.0
211.0
178.0
185.0
158.0
150.0
104.0
175.0
126.0
169.0
154.0
191.0
146.0
156.0
124.0
156.0
146.0
162.0
133.0
169.0
117.0
207.0
152.0
183.0
164.0
216.0
160.0
162.0
155.0
191.0
142.0
163.0
204.0
176.0
196.0
145.0
163.0
100.0
110.0
143.0
170.0
136.0
178.0
132.0
159.0
192.0
195.0
154.0
147.0
169.0
154.0
147.0
141.0
115.0
154.0
133.0
126.0
139.0
145.0
116.0
172.0
164.0
173.0
148.0
126.0
138.0
88.0
134.0
106.0
134.0
147.0
158.0
141.0
142.0
142.0
134.0
137.0
99.0
156.0
131.0
130.0
111.0
113.0
113.0
93.0
101.0
122.0
142.0
126.0
103.0
125.0
102.0
162.0
132.0
150.0
120.0
119.0
95.0
104.0
77.0
123.0
93.0
106.0
73.0
100.0
123.0
90.0
129.0
100.0
70.0
112.0
116.0
105.0
96.0
103.0
114.0
71.0
102.0
102.0
78.0
74.0
132.0
110.0
112.0
107.0
137.0
127.0
62.0
119.0
127.0
90.0
101.0
58.0
124.0
61.0
72.0
126.0
102.0
111.0
111.0
61.0
86.0
101.0
123.0
104.0
87.0
109.0
138.0
112.0
66.0
104.0
125.0
73.0
77.0
105.0
75.0
111.0
61.0
96.0
72.0
67.0
95.0
75.0
122.0
90.0
67.0
90.0
60.0
127.0
83.0
92.0
84.0
57.0
72.0
85.0
110.0
73.0
95.0
110.0
88.0
94.0
83.0
97.0
72.0
98.0
67.0