
184.59402662319135
169.15208200688164
181.62308606878202
183.03280440184614
212.1209935484384
201.7315485560361
174.28600210358064
184.45222876755128
203.87721308738062
215.6246242777811
213.6938021837795
185.37072770889122
183.98497564600416
193.51345551704736
175.0468216883643
213.9853149618595
193.7319067613197
175.2617956522987
209.05677974790177
197.46071755978457
167.80625295597517
196.20306193611447
198.93500085246333
209.61225710129438
214.66891487508542
199.73292379493572
190.41328932390482
202.56055848216346
208.7624514806003
188.52589518668768
184.49423634967343
205.33820990698592
185.23278514494527
189.07179456560874
198.67815711460963
229.01081180156052
190.29571482913818
218.0906172180019
195.59842033227994
221.71431631708998
198.8973932576082
223.16337210071225
217.47732984204345
215.7146038374507
231.43196798586501
228.5047526822379
218.5859523931389
197.22528609094843
212.07549997867923
199.9838586311277
217.69334278333866
212.12591458844
197.22033796901937
206.7674353802046
214.24143612059714
214.50220380382171
215.16247906864237
214.89790199441228
210.8362161043263
189.43389424769782
195.54414012854778
230.54022587286903
178.30218325851385
212.70785871066892
209.88590897321478
219.48461352028502
203.7944983272189
217.30072605868622
200.63885212468105
186.76415812894575
204.51140993156568
205.8144163602949
214.41094421998696
196.5392407134782
210.151041971724
201.19969837334548
211.02236021801477
199.927099144227
195.464812683704
238.9523987180067
223.6002788388107
208.53359382416534
225.9880505431789
200.4132327821038
199.1761064025349
198.52252069259356
194.63129675370334
219.18637705943607
212.9020960323296
216.60910842755106
217.87743805296083
229.9363797858502
202.17623879614072
201.89104437373788
188.97387264101877
199.55297705562236
187.15004048279027
200.27101182033135
212.2655436215538
204.88576107448233
230.58631166295103
197.20192587506045
190.2155701339994
178.74243010712624
184.15045321200452
202.93822610781874
199.07443509449655
212.95356941340347
227.7808835101594
191.4056368504841
189.19000933265633
192.51860163491375
219.67504228182807
206.75887846092664
190.61700185381116
227.39343352862406
195.06961896379718
228.46927961968336
207.07140569130834
204.11398735824062
212.1828755482798
163.36420533487905
186.8111469570618
210.3701515631648
196.90646128521098
202.7038770394687
177.92587013387035
179.1616368013765
205.1546331092671
185.92053585495202
197.5015391414303
183.28392456119647
191.1813936405176
177.24130950517784
164.66086140709973
204.4344882651838
172.12875846059035
175.32603096873677
167.910067466825
182.5635970980485
177.05970528281938
191.42559312707795
183.60844132630325
190.3628026909651
198.33149531581063
196.16785658174595
187.94148842266563
212.32064225264358
173.88925904251147
171.40487228652074
187.80636913015618
177.7723915539102
165.02172741605995
191.50415486537122
190.2725201293897
177.49852605417624
209.43560794476576
193.23734394460024
186.5926406147707
182.09366419112703
183.7838041432037
200.50691025793677
200.18979836474443
207.71967865599862
197.21028506730346
182.7667608378505
200.344987556499
191.3412505707841
186.89054606647295
177.49434002940382
212.0805860143286
174.20586430780537
191.55172959765
208.73115383137127
193.92020919112787
195.23352691380256
209.14736023771488
192.87192382079533
196.71302949324314
181.36056499494933
194.35302088327484
190.45522157045409
199.03961301048955
181.66163743233963
201.60049868274987
193.61111790875128
173.7244438648773
188.3079044977773
175.81579348842402
173.74083965029894
171.7653750347089
193.7610163074134
166.6286437156205
184.19846164998418
187.45090329489068
166.84943559414154
198.96565945704384
192.07160739962814
186.95848813934896
190.943897042503
188.055764697901
177.319352362987
169.12676026580795
181.54615859121242
183.12159039754204
167.8770669435331
203.10330957397747