
-516.9440412347492
-500.68701668609066
-434.62639878273137
-508.1259871208778
-364.48116546947983
-399.67875760864837
-531.3304017457301
-506.86486758646123
-432.93293537023766
-468.33348401191915
-445.69854285223863
-505.9683911737144
-460.0058065519596
-464.51610684822424
-435.7034209431539
-366.90452804849457
-374.85514653690007
-444.7679053420496
-470.3874602363545
-457.76674877235826
-450.02404502178496
-466.7866068814389
-503.98562903432367
-474.35694886097036
-451.3740366416847
-442.04127004476504
-444.977078640237
-427.79785710691897
-533.2733638688388
-435.81920399101165
-432.3099347778936
-397.4712340528912
-461.76520183084705
-396.6218832625702
-442.26665025481134
-388.7639403829522
-427.449113753786
-463.35426482341643
-339.55801972428424
-421.876471970758
-505.4436760759487
-531.6965329678015
-462.85623926428116
-509.2413132837866
-481.045319268586
-401.64342991266346
-458.65361512414546
-526.9690402812028
-414.1003803552965
-498.52413295781025
-608.0070203341724
-438.61529606874956
-536.7871634005862
-508.40623148537554
-459.54629670548655
-399.11023949069136
-528.5802638781399
-492.42581786007077
-418.77597247424075
-473.0689109130185
-432.59626018433056
-470.0329236309609
-449.2886717915441
-382.82101815947107
-533.6857573999966
-443.932843433087
-471.97604661297265
-505.178564013312
-477.75744055204393
-444.3334666881157
-454.72701062822364
-503.0732965429779
-582.1785791950824
-403.85751071884306
-490.48717293600293
-508.69662871198517
-449.84512940370297
-637.4205226745814
-549.4437475630026
-375.9340389807147
-419.91313365382155
-564.0981441774004
-476.0248028599552
-380.8877817902923
-467.0187163956475
-560.9621481432615
-438.9791426548398
-431.0685834164113
-425.5085938155556
-487.19220806378024
-626.9942373574257
-404.37865211856507
-499.679422433559
-427.4599159431232
-453.32388066451176
-446.7201019182022
-484.97710923918186
-495.1061650328819
-425.4402135558802
-416.44872184623273
-479.2874426312966
-471.5002596160135
-521.5239478457952
-567.6976498236979
-437.4649474170327
-505.05752352869257
-486.2942679230364
-524.064265549681
-450.43813484706504
-427.7619308389978
-408.26655682970096
-491.95437855750754
-499.90420360337475
-477.7673101170387
-454.9967508849365
-442.6945296786233
-508.89705825197706
-457.8227775056729
-411.5901866229142
-516.7400559232982
-458.4159323869393
-408.8732385495829
-473.0438056976606
-444.82415872103894
-552.5427190815498
-456.19032541702353
-400.48994117297855
-400.48691261241123
-446.59225046032935
-482.6375607032584
-463.6011932249148
-470.7117021376448
-396.39318952286936
-437.67186403492735
-404.18841514120857
-462.112306820656
-426.3349789258158
-448.27448948967515
-524.7110991445905
-381.1120269926328
-498.358080340394
-475.31405647754644
-396.56588152452014
-484.3887767887447
-572.3489438220588
-407.8805803931242
-468.2829337859421
-399.4068078643038
-421.58937808630645
-440.0076850521333
-375.9794910330147
-486.74537975109286
-635.4957281611222
-461.9809407885843
-472.8305742803794
-463.10314300692335
-483.4498000558863
-433.36440206919013
-422.6972032352877
-399.7148434445436
-485.72242776023376
-406.7403326765144
-437.6731759361527
-405.24617492980013
-272.1324302045954
-418.14850175177844
-430.0758506197652
-508.10145080126915
-534.06289030683
-437.65617432274314
-533.5216986924293
-380.61073614356576
-616.2849130688094
-378.75925087362725
-463.5477390132146
-444.4896616313783
-456.73060307577697
-488.3310719924524
-572.2850723921287
-474.9311379171453
-525.3040699321575
-495.35005649615533
-515.710506652653
-456.1526103125457
-422.3927561402493
-545.5537814929914
-580.2165086241962
-470.4590416254625
-463.31134795839307
-417.82859979534214
-453.37464996161543
-398.1529445925411
-557.1331894148906
-503.3812353001748
-465.3422155378722
-454.50478606046835
-443.7844291847142
-409.45865503605285
-516.1881653143275
-544.7412960497217
-513.5930627877011
-475.04031593569164
-490.0915333241692
-542.8002252345019
-525.7916806901464
-390.5396062845667
-590.0266526751502
-364.3790452424767
-452.21700234123864
-425.1234498050574
-505.07589820821977
-520.2407017503358
-470.31000296603116
-383.07877429753586
-432.0782419221111
-488.44060378641746
-593.0097953562148
-496.38213410725604
-415.0769396589626
-546.2396676605397
-453.2716658950418
-468.21336581662797
-478.1284675259766
-457.97096720268456
-468.8920343358538
-497.2133039810569
-427.6846524760108
-539.3125482805053
-503.7461740725291
-415.6491766550688
-549.2430769037344
-441.53654675758924
-566.0308545618728
-575.687941195573
-513.8346700904358
-524.1777355176121
-512.2534060037952
-480.81636921348434
-558.6406409664041
-396.2916751576207
-438.3651759554294
-456.6511077115762
-660.180871162867
-455.42955941995916
-419.6685270014561
-479.4513104080693
-418.660022076253
-519.56775273316
-443.2250669142213
-473.34446169333535
-449.14831950237766
-425.7318599764816
-520.3552652703562
-509.80884445410476
-520.4862350452906
-515.7817053496103
-540.9684802879099
-422.2158431497163
-522.2428617668008
-463.61254000245964
-534.8797590401041
-505.98766284734427
-436.08340659680846
-411.93533057304256
-489.82960592090984
-394.68182993328816
-511.5296774979478
-533.0497168779893
-580.6268119384973
-589.4012801360311
-474.92687456267095
-459.923411954981
-520.2329828207504
-660.9328845049101
-534.0706718124585
-509.9374537965697
-518.5423434126508
-394.63176043140294
-541.3275036382022
-398.62428773659883
-394.5119029339186
-439.1280648485987
-527.6662151161775
-429.50083093981004
-492.00785226002563
-544.5344260204143
-480.39192353067455
-463.78141018296293
-455.03496349453144
-490.54536061416604
-626.064173768187
-450.95385522094966
-476.0077419759614
-338.1824805589219
-411.70049493295244
-528.5720015157025
-532.1050849090875
-555.8656442808873
-499.73410551544174
-472.71894788529596
-531.1710608654041
-501.1241250076617
-461.5332861204814
-461.1950246960545
-370.3358095946599
-535.9583233799661
-395.741112131872
-452.34104193356944
-499.71588411663123
-498.29910546748476
-500.55027266008
-399.3120970896822
-371.58387055667106
-558.2907084934643
-501.1437796601077
-488.1827495223203
-480.24204699735054
-467.93314534886184
-461.6716142335348
-518.630211045531
-522.2685402428604
-412.1798339448521
-488.55690342072995
-333.4112132648971
-483.5138432053242
-553.923594288609
-450.7201818781442
-557.8614953559797
-470.11990493207406
-518.1947437330998
-475.8664425726705
-495.25379185417006
-450.7158778609896
-385.80385352039633
-521.7711697838834
-420.15625279532077
-386.90645596659135
-536.8636123400311
-449.64665939205133
-556.7722584979576
-402.9294253553815
-526.3530033026957
-542.5394134684573
-558.8114081264278
-414.2949402721632
-473.7626841288973
-461.85128021687285
-429.1867635677947
-526.3076857591684
-416.0634961026112
-636.0295793758638
-528.112785966711
-380.22053626449576
-413.57298905534543
-477.716299304392
-527.9644663360511
-537.358310733209
-494.51183259303434
-431.96390835905606
-451.2662589470632
-437.1295193665379
-493.8476143594089
-533.1934699962482
-503.0487270366095
-534.8932663475888
-406.2013061200671
-506.5346891555606
-467.6472692982644
-521.3069336021074
-447.6900811929516
-487.5093394221718
-532.0887796829306
-409.5545197771639
-482.6351679275891
-408.7592350209029
-397.4074856077454
-524.0910408741969
-504.8953500726948
-438.4159674600945
-414.8638561514002
-476.3213178654989
-541.9409039157368
-384.3759871947793
-465.7912792003957
-524.4152008663237
-506.5734244837783
-480.225698717493
-403.7565968383381
-442.0313095285469
-434.48290410186763
-537.8569848737806
-399.8818940784272
-455.5531735396336
-465.8385403309705
-279.3067243023398
-417.5704596216412
-523.7803227987039
-494.3250293375422
-446.05253849929034
-442.568853121266
-418.7109444522589
-526.2974779761242
-566.725929075254
-478.79422924827924
-491.7300535878985
-459.27723528850476
-395.40584002562815
-437.80569686233923
-415.61886242098234
-455.63232764186995
-459.8008036733701
-440.3067541017359
-444.5959098848295
-363.9196175606054
-441.67422489939344
-516.8077844891707
-461.6828742348789
-396.61607863535534
-521.3398495296329
-554.5671890078787
-505.64644096979674
-525.4974079055465
-493.64979726670873
-503.5756703291665
-472.42158510566054
-513.8183064899106
-495.13397921491037
-481.84928074415694
-513.4587623833207
-475.7210278402802
-470.303940748922
-501.80808747184597
-444.8242603184552
-368.61513090195
-309.8256736415889
-306.095196664351
-335.44073939154987
-376.5362058767845
-384.87019786227995
-337.0459483505483
-313.2459846259393
-416.19117289135204
-369.01607105364053
-325.9425666203243
-407.598647870275
-348.80639285994266
-370.02012576278855
-271.21109408901316
-335.46676555025
-367.0318771495942
-399.81612216939385
-223.47276921674384
-411.82789655440126
-239.66713121824552
-191.16502602869554
-403.58504901666527
-529.0301160569821
-158.5018830445754
-199.78972300377015
-280.9974339561012
-523.1635696588824
-445.3557606263211
-318.8294900175895
-570.6905889593509
-155.83789643324835
-393.13210583038057
-425.51961620806264
-189.8645375383311
-343.66449470351364
-363.4211638220674
-346.74447843139404
-175.76912730524853
-247.1520593479915
-413.13442335022904
-250.11199141847382
-328.43666995990014
-197.89906427930407
-322.4439605845853
-320.67997682188644
-178.0737963099846
-172.3619860514132
-142.58732855264176
-656.9356951062341
-568.0932680463712
-179.9204576970782
-320.2592862619546
-649.2892339784785
-269.61805643876437
-153.74510569263205
-269.4161982163769
-290.7211734675627
-113.58744562154332
-559.5999279521337
-211.4180705855244
-243.887274837405
-528.8009354911595
-279.5699611334016
-237.5827572572809
-451.8509404584487
-249.9937021621006
-290.13515286149465
-108.21404984714584
-416.23213290687454
-170.289181145403
-273.03623885975514
-327.56153927195413
-391.01173318297424
-252.8225242215871
-735.4162925016803
-613.6311384607557
-170.26937507763327
-263.2423447834419
-205.97498035138224
-261.5732709758022
-225.3214207523602
-308.3079368988682
-293.83868143290937
-290.9578733898281
-216.35306264435434
-261.68087642093985
-447.17860904862454
-249.84665441489977
-344.72896709852006
-359.21135444628277
-418.1208937519606
-251.01810832366039
-475.8329021689114
-161.25166687357049
-298.5244661491962
-178.49005424821476
-240.6477372138615
-349.6804196366314
-203.1557229860116
-473.24532566427445
-267.5927090897774
-666.8436632051362
-424.6502957794242
-420.233413517674
-375.4106342157662
-324.6713899932076
-463.7621441456396
-632.897842971999
-403.5962493587198
-230.32884694792546
-537.1257330946383
-229.3317734129623
-317.80789967876456
-413.9606567912665
-373.12262657565014
-523.6493761287466
-499.7495693076518
-764.6236528154723
-328.5399899222902
-368.15281523113464
-381.47270682374005
-469.32009637670194
-783.51133377651
-796.3743645002152
-377.7256164889632
-871.0198667213883
-626.1419012809702
-391.528916524124
-288.0519949858141
-311.9972963373252
-268.4221336010014
-677.0115536660627
-578.9272224962439
-381.75099660949485
-547.578567472244
-525.5432557019127
-439.94065680810303
-280.27984305251636
-387.0839547426451
-292.273093971449
-482.9592282706185
-397.11749328413254
-451.18924607230565
-401.27474376883686
-519.8256442711129
-297.77993062527133
-514.114678691034
-339.9926628686527
-362.9566656843392
-392.808790905576
-174.0968664666442
-304.8322800092386
-669.9230563195325
-384.23795237346724
-345.7478599088177
-539.4577749466022
-385.8466378186761
-567.785161243521
-292.38532777614523
-366.1416861851677
-282.7436995051652
-359.6232438397964
-404.112094515419
-716.7383564062981
-425.868795437717
-359.39417740070627
-306.62277784447616
-493.2489627484584
-463.7031385495192
-503.3714982709244
-340.33597116721614
-379.61518786975336
-603.185959937474
-344.51061431811087
-493.18675214718087
-825.1270010401611
-336.52167348078285
-906.8966432682212
-660.3922305594903
-240.87917868290924
-295.5407326374254
-324.65874371754614
-461.1916405522233
-894.6411744654612
-537.0210634247451
-381.45030148590905
-392.66310992162465
-528.6146175613296
-262.78980555633694
-291.08207035719005
-391.2301633047208
-444.898765031986
-580.3999432091271
-361.8951335710457
-502.6854630465049
-214.66935642101998
-474.1996677322596
-631.9362682533061
-607.907056568648
-619.6318657554897
-352.0387809976658
-390.8152518030149
-307.1287644683143
-363.8865232511115
-401.7639103002772
-270.49573981315217
-633.4232095779561
-601.4880119767606
-409.09113561997526
-377.6365221830528
-325.25341767967717
-339.75330907394704
-309.06601921331804
-288.0092064564097
-352.77791657236395
-326.05810477998966
-235.62605478198878
-296.4255816865129
-521.8852712706542
-497.9182939375491
-286.92543798433286
-383.51788565917775
-749.6445997867723
-543.1304676465237
-466.6786929688898
-399.24602821391255
-700.6319615034066
-492.6107644285828
-537.3994331045963
-384.77624175107576
-356.81692320817893
-518.5306587538698
-215.85805183826258
-330.66951737326525
-516.0706738667463
-446.50431010130245
-346.3644853570275
-428.21173013542034
-236.07484471471744
-547.1693623364125
-757.5447702250194
-632.9924407488222
-722.13832258801
-526.2525958411871
-404.5311875322276
-654.0328187160288
-511.97202155073745
-685.3007023626782
-383.75039180907567
-304.84345729259235
-392.95590271089145
-49.06385948130924
-97.45649172100994
-113.17318388580122
-193.0822976473219
-161.4416369279257
-90.6700897570845
-53.71829943813817
-62.245535262755055
-159.96572098958396
-240.00398282427193
-70.00527221717151
-173.90738449419618
-204.771400095916
-68.59289684710325
-146.85506138027205
-88.10746281047476
-117.60030338856468
-60.33578638600945
-85.17242419759627
-121.23747423885604
-118.63581192994567
-94.6964911270635
-148.9923648433753
-116.80956777755807
-161.79225795936208
-135.44098924316592
-121.22052375253477
-96.66070720715256
-139.0759170715075
-152.51797199171628
-77.99604341322701
-99.03857079790282
-103.47890179958581
-100.15340956239189
-80.81309530929673
-111.16953047612401
-61.262113798386586
-74.25866504814802
-77.00321132338281
-74.31431550542756
-102.09133162234782
-98.76635876929457
-77.07974262753676
-97.8416769882004
-61.539103972943494
-83.06426831610419
-81.45040900469442
-94.71711274838871
-63.39761524509892
-95.79903709457128
-90.39287379124991
-102.49951962114774
-108.10726804884023
-106.14615460086671
-123.44670379915237
-225.37889541185982
-222.32152519429823
-165.14584624494998
-301.99818446788913
-87.17778201132397
-132.085551657245
-74.08793298470862
-108.76255978303627
-124.05701242892496
-1112.7176951047143
-126.29985114862464
-439.2190184882467
-451.4128836835292
-433.1541556442231
-484.51870438210864
-378.4857070097606
-429.892644932097
-410.3745603982426
-435.7722412060404
-447.4517360673246
-407.66986961406866
-412.9098547802757
-410.81445015432143
-551.0975500288835
-405.8987312260805
-393.85591461226716
-433.9094021404179
-470.4553694475646
-434.4048931771293
-476.12213912336586
-426.63617986513907
-371.799222277294
-426.758867394066
-446.66737049078495
-431.21294452967487
-362.2982641822305
-423.23325738824553
-353.319516451483
-414.6449846063738
-483.440024689452
-375.14724595263823
-406.5013250447793
-453.647381899797
-443.2475377281996
-478.27397436102194
-438.96871830965966
-386.4923329971353
-378.80596768556217
-432.8542670652006
-460.8808119914444
-427.73767041227313
-566.417434556072
-495.56824319395366
-415.0354759030587
-388.7943314415432
-478.5716907389184
-394.67584948109777
-452.56772133310886
-515.2619452947257
-447.29951134969826
-468.1031642578041
-445.63972711965346
-408.02400321518525
-387.2196653597295
-365.32564179492493
-449.7388045597801
-452.17727536765125
-486.5421477026404
-412.25944509701975
298.9168589707514