
7.869453376205787
7.784394250513347
7.964957819597664
7.921275211450879
7.7761394101876675
7.672187715665976
7.704787234042553
7.989562948467058
8.008430609597925
7.93654990085922
7.8600392413342055
7.908724832214765
7.528066528066528
7.7069085833914865
7.879078694817658
7.923533289386948
8.13862633900441
7.8345466578424885
7.979986657771848
7.711909514304724
7.7415426251691475
7.885657633840053
7.86635325721961
7.806430446194225
7.773509933774834
7.72890365448505
7.562800274536719
7.731333333333334
7.883006535947713
7.570111915734036
7.818589743589744
7.779804560260587
7.919218241042345
7.610636900853579
7.839050131926121
7.742227979274611
7.611185086551265
7.271328671328671
7.55533199195171
7.407407407407407
7.600265604249668
7.783552631578948
7.437329700272479
7.630841121495327
7.528637261356155
7.588541666666667
7.371794871794871
7.499000666222519
7.498343273691186
7.554326610279766
7.485361093038386
7.397863818424566
7.546632124352332
7.380327868852459
7.618616677440206
7.24058162590879
7.2894736842105265
7.197530864197531
7.6056158264199105
7.333780160857909
7.198653198653199
7.560279187817259
7.1656765676567655
7.345854922279793
7.473887814313346
7.21027721433401
7.2850559578670175
7.184466019417476
7.106620209059233
7.006081081081081
7.341463414634147
7.106182795698925
7.27088948787062
7.0933512424445935
7.209933774834437
6.995926680244399
7.112751677852349
7.009543285616905
6.861760660247593
7.3920563741191545
6.944295302013423
7.101198402130493
7.183794466403162
6.976632302405498
7.07483870967742
6.940147948890384
6.815114709851552
7.089238845144357
7.2409560723514215
7.048530416951469
7.0730411686586985
7.06765899864682
6.842704149933065
7.15565729234794
7.00066800267201
6.852681602172437
7.087014725568943
6.810413885180241
6.928906773977197
6.904432132963989
6.975903614457831
6.814030443414957
7.070739549839228
6.985526315789474
6.8656021290751825
7.228139381985536
6.833106267029973
6.985478547854785
6.956463496316142
6.8459441036128155
6.909393737508328
6.790200138026225
6.935879945429741
6.8709888670595936
6.775132275132275
6.950474898236092
6.884175084175085
6.980991174473863
7.0039267015706805
6.949799196787149
6.8507265521796565
6.969914977109222
6.890896921017403
6.9411764705882355
6.813253012048193
6.900666666666667
7.015717092337917
6.990572390572391
6.648476257973069
6.976714100905562
7.031778228532793
6.62706043956044
6.788978494623656
6.849397590361446
6.853674540682415
7.026383526383526
6.898013245033113
6.664666666666666
6.842279655400928
6.716368455931081
6.56769436997319
6.653131452167928
6.964473684210526
6.701661129568106
6.615278733654508
6.71957671957672
6.8553745928338765
6.964675658317277
6.78714859437751
6.889986824769434
6.806408544726302
6.828700711053652
6.778423772609819
6.689122807017544
6.77979274611399
6.76686706746827
6.654557463672391
6.800791556728232
6.805755395683454
6.726751592356688
6.708582834331337
6.784275503573749
6.871207430340557
6.600547195622435
6.553981106612685
6.736249171636846
6.7077326343381385
6.817580964970258
6.4586415601882985
6.816245006657789
6.499672131147541
6.613456464379947
6.774215096860387
6.704177897574124
6.563502673796791
6.58298755186722
6.650134048257373
6.6218034993270525
6.438959306204136
6.597107438016529
6.495251017639077
6.926617745163442
6.523873570948218
6.772931366260424
6.809145129224652
6.515686274509804
6.516733601070951
6.433311214333112
6.4649313087490965
6.759740259740259
6.702702702702703
6.591904445919044
6.707827260458839
6.495159059474412
6.393296853625171
6.477936184657162
6.551515151515152
6.256089074460682
6.5385135135135135
6.333333333333333
6.628272251308901
6.500329597890573
6.5545938748335555
6.5
6.6814958091553835
6.662082514734774
6.737935656836461
6.496965610249494
6.7177954847277555
6.577353522053983
6.692151556156968
6.550964187327824
6.536184210526316
6.6045454545454545
6.693569553805775
6.3853591160221
6.4415760869565215
6.7737467018469655
6.490752972258917
6.373026315789474
6.550584996558844
6.679169457468185
6.436126373626373
6.456336178594879
6.503759398496241
6.563660477453581
6.260689655172413
6.54448160535117
6.680128205128205
6.582236842105263
6.531058020477816
6.4839124839124835
6.6647727272727275
6.458937198067633
6.532934131736527
6.552614162806089
6.317255434782608
6.447828904731043
6.653342070773263
6.58458523840627
6.366935483870968
6.392542372881356
6.378289473684211
6.3254593175853016
6.2552471225457005
6.387768817204301
6.403394255874674
6.268947015425889
6.325116588940706
6.238795518207283
6.26758711374096
6.4332892998679
6.225237449118046
6.2885135135135135
6.274278215223097
6.377551020408164
6.408759124087592
6.1927792915531334
6.332698412698413
6.198895027624309
6.462251655629139
6.433490884537474
6.564773452456924
6.408204438466711
6.171409214092141
6.442091330244871
6.361967213114754
6.308219178082192
6.3741808650065535
6.338937457969065
6.313581890812251
6.3977272727272725
6.240851630073187
6.500655307994758
6.30764163372859
6.4234001292824825
6.422206991089787
6.112724757952973
6.237630208333333
6.25523295070898
6.194109772423025
6.368944923689449
6.290969899665551
6.284244372990353
6.172642762284196
6.254147312541473
6.213675213675214
6.148221343873518
6.265625
6.20310391363023
6.226790450928382
6.359809911744739
6.228646517739816
6.110268780151619
6.300731869594145
6.264367816091954
6.352159468438538
6.291581108829569
6.1368770764119605
6.110372340425532
6.011173184357542
6.357049608355092
6.1156186612576064
6.151655629139073
6.260013131976362
6.140770252324037
6.063524590163935
6.244162775183455
6.06763925729443
6.069934640522876
6.100462656972901
6.117014122394082
6.1434108527131785
6.118849840255591
6.115817339510258
5.917600527356625
6.039814200398142
6.2657980456026054
6.186372745490982
5.9151873767258385
6.0747164776517675
6.269851951547779
6.169354838709677
5.872383524645509
6.175619834710743
6.059491978609626
5.984574111334675
6.090414683888511
5.853198653198653
6.197220383851754
6.283344392833444
5.990417522245037
6.075898801597869
6.054666666666667
6.23974358974359
6.12621359223301
5.9813457694870085
6.267696267696268
6.04
6.24015493867011
6.039946737683089
6.224623444662737
5.811874583055371
5.9382879893828795
5.8130904183535765
6.162217659137577
6.102902374670185
6.050471063257066
5.9655172413793105
5.985094850948509
5.8933697881066305
6.033090668431503
6.0099734042553195
6.087153001936733
6.059183673469388
5.995956873315364
6.092052980132451
5.78485254691689
6.062210456651225
6.038692461641094
6.12041210560206
5.938461538461539
5.7052062204192024
6.056987788331072
5.8412371134020615
6.0556673373574785
6.004034969737727
5.857543859649123
5.955613577023499
6.070404172099088
5.901909150757077
6.177910052910053
5.948563794255177
5.984516129032258
5.938926174496644
6.054123711340206
5.75
5.973597359735973
5.965610249494269
5.966818477553676
5.833557951482479
6.129054520358868
6.03527815468114
6.077284946236559
6.115755627009646
5.993873383253915
6.171704180064308
5.890909090909091
6.022164276401565
6.15359477124183
6.06675567423231
6.044368600682594
5.945276872964169
5.883389830508475
5.816115702479339
5.968855788761002
6.012
6.008124576844956
5.9207988980716255
5.84196368527236
6.11377245508982
6.045182724252491
5.980589022757697
6.077079107505071
5.751574527641708
6.11737400530504
5.926450742240216
6.015519568151147
6.000646412411118
6.151093439363817
5.902684563758389
6.023035230352304
5.9986348122866895
5.918353105373343
5.986996098829649
6.06675567423231
5.909698996655519
5.938524590163935
5.996603260869565
5.778705636743215
5.939271255060729
6.0198675496688745
6.0
6.137724550898204
5.950752393980848
5.922540125610607
6.167420814479638
5.87719298245614
6.112934996717006
6.03594351732991
5.925083612040134
5.873663101604278
5.892666666666667
5.860887096774194
6.102597402597403
5.8879946344735075
5.778510217534608
5.803701255783212
5.969842357779301
5.982724252491694
5.934782608695652
5.921906022501655
6.042675159235669
5.921088435374149
5.837178642056691
6.1213910761154855
5.911705685618729
5.910198845413727
5.928571428571429
5.834254143646409
6.020974289580514
5.976405274115198
5.920081967213115
5.71012574454004
5.954301075268817
5.907466496490109
6.007529089664613
6.044021024967148
6.004109589041096
5.921178889650445
6.003335557038025
5.950331125827814
5.877168632893824
5.981569965870307
5.837782340862423
5.87986798679868
5.90527018012008
5.900675675675676
5.892287234042553
6.004669779853235
5.774750830564784
5.8985411140583555
6.0361290322580645
5.942536327608983
5.925581395348837
6.027242524916944
5.941981747066492
5.967485069674851
5.844103930712858
6.218085106382978
6.006447453255964
5.9972972972972975
5.921810699588478
6.150361129349967
5.958749168330007
5.96505376344086
5.899452804377565
5.898821898821899
5.910643889618923
6.108695652173913
6.078537576167908
6.064010450685826
5.832219251336898
5.785169785169785
6.003394433129667
5.886639676113361
5.7730103806228374
5.86455525606469
6.024423337856174
5.989867004433186
5.97843137254902
5.84913217623498
5.981805929919138
5.74034620505992
6.068254990341275
5.941694915254237
5.852117263843648
5.942837928715535
6.01394422310757
5.747521480502313
6.0639419907712595
5.860803324099723
6.021490933512425
5.808452624403545
5.906752411575563
5.980858085808581
5.899131596526386
5.662837837837838
5.605978260869565
5.8238095238095235
5.9234863606121095
5.931832797427653
6.0280054644808745
5.8553745928338765
5.77511961722488
5.924626380766732
5.866710013003901
5.8955525606469
5.651289009497964
5.974137931034483
5.853253652058433
5.970867208672087
5.9314888010540185
5.854736842105263
5.801342281879195
6.119433198380567
5.871675531914893
5.874754098360656
5.91358024691358
5.868733509234828
5.951417004048583
5.982758620689655
6.064226075786769
5.932386747802569
5.8401920438957475
5.8275181040158
5.936591809775429
5.7723244717109745
5.933739012846518
6.082329317269076
5.912959381044487
5.8562753036437245
5.9013333333333335
5.729784366576819
5.817397078353253
5.9110367892976585
5.902887139107611
5.899862825788752
5.787592717464599
5.753177257525084
5.958957654723127
5.944897959183673
5.827751196172249
5.777124183006536
5.674262734584451
5.939678284182306
5.918065815983882
5.9655172413793105
5.95922598479613
5.89621409921671
6.202879581151833
5.8791722296395195
5.890087660148348
6.014676450967311
5.918422841604351
5.968708388814913
6.117723156532988
5.877284595300261
5.947690217391305
5.825788751714677
5.954337899543379
5.872411489645959
5.826407506702413
5.8709239130434785
5.815239379635873
5.922758620689655
5.943008614976806
5.847840531561462
5.766732935719019
5.886101694915254
6.063068920676203
5.889192886456908
6.018991486574984
5.863945578231292
5.93993399339934
5.967136150234742
5.931818181818182
5.740618828176432
5.928853754940712
5.9091507570770245
5.907036797934151
5.799733865602129
5.939518900343643
5.957247828991316
5.840291583830351
5.900943396226415
5.820178448867536
5.896992962252079
5.883660130718955
5.939597315436242
6.155945419103314
5.853020134228188
6.107950872656755
5.987066031313819
6.0871828236824985
5.88122096881221
5.968190854870775
5.8797139141742525
5.624309392265193
5.788798920377868
5.815934065934066
6.069306930693069
5.872909698996655
5.792312879298719
5.936015831134565
5.9320580474934035
5.879177377892031
5.8671875
5.946295037389531
5.701668984700974
5.794156706507304
5.791864406779661
5.828740157480315
5.823061630218688
5.945573770491803
5.841894596397599
5.989973262032086
5.9676140118968934
6.122956180510137
6.005191434133679
5.826205023761032
6.087638979725311
6.00402144772118
5.863815789473684
5.841584158415841
5.835975189524466
5.88174139051332
5.983818770226537
5.9317880794701985
5.755240027045301
6.081311475409836
5.936254980079681
5.815807099799062
5.885808580858086
5.890614886731392
6.079582517938682
5.756963788300836
6.026779882429785
6.088453747467927
5.976158940397351
5.855371900826446
5.9488795518207285
6.014925373134329
5.8815879534565365
5.988157894736842
6.033832140533507
6.118730158730159
6.052917232021709
6.009156311314585
5.742935906271537
5.876462938881665
5.861092824226465
6.115179760319574
6.015676028739386
5.973297730307076
5.991413474240423
5.978043912175648
5.911349899261249
5.96866485013624
5.950302216252519
6.051332033788174
5.851020408163265
5.864221364221364
5.953426480372588
5.7879616963064295
5.959005376344086
5.935994494150035
6.0397088021178025
5.776978417266187
5.8734177215189876
5.862440997977074
5.902994791666667
5.778298727394508
5.785185185185185
5.955921052631579
5.832988267770877
5.892906815020862
5.992587601078167
5.759837177747626
6.023209549071618
6.025554808338938
5.947157190635451
6.011060507482108
5.774647887323944
5.988235294117647
5.859487852921864
5.901135604542418
6.003342245989304
5.704177897574124
6.025065963060686
5.9264010803511145
5.820781032078103
5.966381015161503
6.044699872286079
5.771868439468159
5.733684904416612
6.058139534883721
5.960757780784844
6.078947368421052
6.088159588159588
5.827725437415881
6.02671009771987
5.697513812154696
5.868184955141477
5.834893048128342
6.078651685393258
5.965382103200523
6.039713541666667
5.859116022099448
5.802816901408451
5.97224015493867
5.787412587412588
5.910377358490566
5.885088919288646
5.914576271186441
6.076351351351351
6.037540453074434
5.776632302405498
5.985611510791367
5.805779569892473
6.0085470085470085
5.871708305199189
5.924745762711864
6.0237310481212925
5.848484848484849
5.988316151202749
6.173315892740353
6.059206245933637
5.863172226004084
5.893745796906523
5.926829268292683
6.068646864686468
5.995986622073579
5.76319350473613
5.912608405603736
5.776228419654714
5.834347532116295
5.958468526930565
5.812049770792403
5.824427480916031
5.8559670781893
5.7904893177119225
5.890161725067386
6.009222661396574
6.011154855643045
6.05843729481287
5.923643670462157
5.858131487889273
5.995856353591161
5.773259820813232
5.830821917808219
5.877371273712737
5.822056833558864
5.967678100263853
5.895968790637191
5.93239625167336
5.886515353805073
5.92621359223301
5.900398406374502
5.924183006535948
5.9308755760368665
5.856375838926175
5.763879128601546
5.960508701472557
5.8709888670595936
6.144570286475683
5.984563758389262
5.841577540106952
5.940745672436751
6.0703583061889255
5.920324105334234
5.903225806451613
5.709677419354839
5.8716540837336995
5.942397856664434
5.8920812894183605
6.055374592833876
6.004617414248021
5.726643598615917
6.125644329896907
6.053571428571429
5.933287950987066
5.911426639621366
5.902197023387668
5.901540522438045
5.925680159256801
5.987637362637362
6.116263879817113
5.922297297297297
6.004654255319149
6.183922829581993
5.955601092896175
5.756958587915818
5.9661803713527854
6.054461942257218
6.132698412698413
5.79835390946502
5.868863049095607
6.021947873799726
6.080188679245283
5.996042216358839
6.078023407022107
5.931105047748977
5.815950920245399
6.133928571428571
5.974457215836527
5.896138482023968
5.922323759791123
5.925503355704698
6.073492462311558
6.098951507208388
5.8520027155465035
5.954038082731451
5.771197846567968
6.252740167633784
6.006675567423231
5.944700460829493
5.915955351280368
5.9302477183833116
5.820402298850575
5.936766623207301
6.011968085106383
5.866575901974132
5.95189701897019
6.074267100977199
5.889038332212508
5.996042216358839
6.034414295168762
5.9747675962815405
6.004682274247491
6.101717305151915
6.1001335113484645
5.860801050558109
5.968477531857814
5.8272539573296624
6.129568106312292
5.962913014160486
5.879729729729729
5.938775510204081
5.910629654705484
5.8402203856749315
6.0144927536231885
5.957922419460881
5.975958414554905
6.025708635464733
5.958445040214477
5.961984536082475
5.963321799307958
5.958475153165419
5.991935483870968
5.961204013377927
5.849469496021221
5.8760942760942765
5.972833117723156
5.958333333333333
5.853137516688919
5.892392049348869
5.801351351351351
5.897805212620027
5.878048780487805
6.007105943152455
5.81542518127884
5.838315217391305
5.88191632928475
5.783512064343164
5.893533638145003
5.773447820343461
5.90595399188092
5.863333333333333
5.954365079365079
6.025210084033613
5.996057818659659
5.894806924101198
6.019243530192435
5.9871881321645315
5.857142857142857
5.8963934426229505
6.119974059662775
5.962450592885376
6.1062124248497
6.115487316421896
6.047131147540983
5.997385620915033
6.028401585204755
5.948559670781893
5.997291807718348
5.933818663136996
5.85497692814766
5.9844699527346386
5.789581905414668
5.984553391537945
6.031641397495056
6.011067708333333
5.944897959183673
5.989473684210527
5.842592592592593
5.912037037037037
5.968814968814969
5.893533638145003
6.03344262295082
5.917905623787977
5.935973597359736
5.8789267015706805
5.884666666666667
5.986521181001284
5.985401459854015
6.032258064516129
6.105263157894737
6.054193548387096
5.8957182320441985
5.961858529819695
5.918394648829431
6.006012024048096
5.905647840531562
6.0547854785478545
5.855405405405405
5.915558510638298
5.886486486486486
6.082010582010582
5.880353501019714
6.0701058201058204
5.961982348947726
5.873655913978495
6.045336787564767
5.928619986403807
5.822268326417704
5.878360215053763
6.05050505050505
5.998037933289732
6.0691029900332225
5.912933753943218
5.959656084656085
5.943219772879091
5.984116022099448
6.015282392026578
5.891304347826087
5.83422103861518
5.811118553248493
5.813693219223173
6.018754186202277
6.063470627954085
5.994113799869195
6.022178734507501
5.946843853820598
5.869622766379881
6.0206254158349966
5.880952380952381
5.794624396967609
6.022433718558804
5.9897238278741165
6.089331619537275
5.794216543375924
6.095143047238856
5.758716875871688
5.8278102664067575
6.001354096140826
5.92202462380301
5.95131845841785
6.025991792065663
5.831460674157303
6.0754716981132075
5.989100817438692
5.832663989290495
5.658305084745763
5.805194805194805
5.848930481283422
5.763784887678693
6.023566878980891
5.732251521298174
5.83442838370565
5.706713780918728
6.046254071661238
5.975316877918613
6.001973684210526
6.003412969283277
5.839539607312119
5.755790866975513
5.9397116644823065
5.89021164021164
5.867320261437908