
524.0
442.0
563.0
529.0
470.0
430.0
426.0
567.0
547.0
517.0
494.0
516.0
406.0
430.0
575.0
505.0
613.0
463.0
528.0
469.0
487.0
544.0
475.0
495.0
445.0
465.0
400.0
500.0
497.0
453.0
505.0
493.0
533.0
446.0
496.0
542.0
466.0
344.0
427.0
370.0
430.0
465.0
380.0
452.0
441.0
467.0
389.0
379.0
396.0
425.0
436.0
382.0
443.0
419.0
431.0
339.0
363.0
298.0
435.0
371.0
356.0
473.0
347.0
403.0
421.0
329.0
380.0
333.0
299.0
332.0
344.0
309.0
338.0
329.0
386.0
293.0
325.0
297.0
271.0
411.0
293.0
308.0
365.0
301.0
347.0
299.0
263.0
314.0
357.0
285.0
335.0
294.0
262.0
335.0
309.0
265.0
314.0
272.0
288.0
276.0
304.0
279.0
322.0
298.0
277.0
327.0
265.0
309.0
297.0
293.0
303.0
231.0
262.0
301.0
257.0
264.0
260.0
309.0
302.0
290.0
286.0
310.0
292.0
310.0
262.0
271.0
306.0
274.0
229.0
275.0
277.0
243.0
272.0
268.0
254.0
317.0
268.0
238.0
280.0
223.0
206.0
222.0
306.0
256.0
230.0
227.0
291.0
339.0
243.0
257.0
273.0
283.0
260.0
226.0
264.0
282.0
243.0
270.0
265.0
254.0
233.0
263.0
287.0
222.0
210.0
232.0
242.0
265.0
200.0
264.0
220.0
228.0
250.0
253.0
203.0
192.0
244.0
201.0
199.0
211.0
220.0
292.0
205.0
271.0
271.0
213.0
196.0
190.0
204.0
257.0
223.0
203.0
222.0
198.0
173.0
189.0
209.0
186.0
184.0
173.0
216.0
208.0
233.0
190.0
240.0
239.0
239.0
189.0
243.0
228.0
216.0
202.0
202.0
235.0
228.0
202.0
173.0
246.0
179.0
187.0
199.0
222.0
193.0
201.0
217.0
209.0
161.0
216.0
239.0
243.0
209.0
189.0
266.0
187.0
224.0
204.0
180.0
197.0
227.0
215.0
168.0
165.0
184.0
170.0
165.0
200.0
216.0
155.0
161.0
165.0
162.0
192.0
169.0
159.0
172.0
191.0
177.0
168.0
208.0
139.0
198.0
186.0
231.0
205.0
145.0
210.0
158.0
175.0
212.0
182.0
182.0
171.0
151.0
199.0
175.0
179.0
161.0
136.0
194.0
150.0
168.0
191.0
177.0
176.0
140.0
173.0
163.0
153.0
171.0
172.0
153.0
193.0
167.0
130.0
151.0
146.0
185.0
139.0
156.0
123.0
122.0
185.0
158.0
147.0
165.0
154.0
150.0
170.0
123.0
154.0
159.0
132.0
133.0
146.0
166.0
133.0
142.0
155.0
141.0
119.0
128.0
157.0
145.0
100.0
127.0
117.0
113.0
124.0
118.0
146.0
194.0
114.0
169.0
141.0
185.0
127.0
119.0
187.0
164.0
161.0
123.0
152.0
102.0
142.0
121.0
149.0
143.0
136.0
133.0
140.0
114.0
136.0
110.0
166.0
149.0
118.0
159.0
99.0
143.0
147.0
159.0
119.0
110.0
153.0
128.0
141.0
124.0
107.0
144.0
156.0
134.0
175.0
102.0
135.0
118.0
153.0
117.0
121.0
130.0
133.0
128.0
145.0
134.0
147.0
165.0
151.0
146.0
146.0
141.0
144.0
144.0
145.0
122.0
109.0
123.0
138.0
145.0
124.0
101.0
121.0
142.0
130.0
152.0
118.0
92.0
138.0
124.0
152.0
135.0
139.0
144.0
129.0
113.0
102.0
140.0
144.0
146.0
124.0
144.0
100.0
110.0
158.0
144.0
170.0
123.0
132.0
164.0
120.0
170.0
133.0
120.0
123.0
110.0
107.0
148.0
137.0
111.0
128.0
126.0
131.0
138.0
139.0
134.0
145.0
141.0
159.0
130.0
128.0
129.0
116.0
133.0
130.0
122.0
93.0
107.0
141.0
132.0
164.0
124.0
127.0
152.0
136.0
145.0
143.0
125.0
132.0
110.0
129.0
104.0
122.0
110.0
119.0
151.0
150.0
130.0
161.0
126.0
140.0
114.0
176.0
139.0
164.0
124.0
171.0
139.0
121.0
119.0
111.0
135.0
174.0
141.0
155.0
98.0
105.0
130.0
120.0
126.0
126.0
123.0
134.0
142.0
121.0
138.0
92.0
137.0
118.0
124.0
142.0
117.0
114.0
130.0
107.0
140.0
113.0
146.0
136.0
135.0
93.0
76.0
127.0
117.0
136.0
128.0
118.0
83.0
129.0
110.0
111.0
90.0
126.0
141.0
143.0
133.0
113.0
106.0
168.0
103.0
143.0
123.0
121.0
135.0
149.0
154.0
120.0
111.0
135.0
141.0
114.0
134.0
151.0
134.0
123.0
113.0
90.0
121.0
117.0
135.0
139.0
110.0
103.0
146.0
110.0
111.0
101.0
92.0
107.0
135.0
126.0
125.0
131.0
149.0
130.0
128.0
132.0
140.0
125.0
146.0
121.0
130.0
102.0
123.0
110.0
116.0
113.0
101.0
110.0
144.0
115.0
112.0
113.0
151.0
126.0
160.0
129.0
143.0
130.0
146.0
113.0
121.0
132.0
142.0
118.0
159.0
142.0
138.0
133.0
139.0
141.0
117.0
114.0
155.0
125.0
139.0
108.0
145.0
121.0
151.0
121.0
115.0
120.0
113.0
132.0
138.0
114.0
167.0
122.0
137.0
135.0
131.0
94.0
122.0
112.0
137.0
116.0
137.0
117.0
128.0
156.0
155.0
164.0
125.0
154.0
118.0
118.0
129.0
114.0
117.0
133.0
129.0
85.0
147.0
136.0
103.0
124.0
133.0
162.0
110.0
143.0
162.0
128.0
127.0
113.0
157.0
111.0
139.0
143.0
180.0
140.0
134.0
112.0
122.0
113.0
141.0
143.0
139.0
137.0
152.0
126.0
119.0
134.0
159.0
119.0
125.0
152.0
116.0
124.0
148.0
164.0
135.0
131.0
142.0
135.0
111.0
116.0
127.0
96.0
119.0
119.0
103.0
119.0
148.0
115.0
139.0
122.0
153.0
123.0
111.0
129.0
102.0
154.0
139.0
111.0
161.0
159.0
113.0
91.0
146.0
124.0
169.0
148.0
111.0
140.0
118.0
125.0
122.0
169.0
150.0
156.0
115.0
132.0
141.0
115.0
116.0
129.0
129.0
173.0
166.0
102.0
150.0
109.0
126.0
127.0
131.0
151.0
133.0
131.0
174.0
135.0
110.0
119.0
127.0
141.0
135.0
127.0
121.0
106.0
104.0
141.0
98.0
104.0
128.0
100.0
120.0
144.0
152.0
152.0
126.0
110.0
144.0
130.0
112.0
117.0
114.0
153.0
145.0
146.0
129.0
148.0
115.0
122.0
124.0
115.0
107.0
151.0
125.0
160.0
138.0
115.0
140.0
149.0
122.0
134.0
106.0
115.0
133.0
122.0
159.0
137.0
112.0
144.0
124.0
132.0
104.0
117.0
135.0
142.0
128.0
154.0
132.0
151.0
174.0
122.0
106.0
143.0
145.0
170.0
116.0
120.0
130.0
168.0
140.0
154.0
139.0
113.0
154.0
167.0
139.0
131.0
122.0
143.0
142.0
128.0
130.0
112.0
172.0
134.0
154.0
147.0
143.0
92.0
110.0
130.0
125.0
131.0
142.0
116.0
133.0
146.0
148.0
147.0
149.0
171.0
112.0
128.0
109.0
156.0
134.0
120.0
129.0
124.0
106.0
130.0
122.0
131.0
150.0
134.0
149.0
137.0
123.0
126.0
120.0
145.0
131.0
151.0
116.0
139.0
128.0
130.0
128.0
137.0
149.0
119.0
123.0
118.0
107.0
130.0
113.0
117.0
106.0
131.0
169.0
158.0
133.0
143.0
141.0
121.0
141.0
165.0
149.0
143.0
143.0
122.0
153.0
138.0
131.0
141.0
140.0
122.0
143.0
105.0
141.0
143.0
152.0
128.0
151.0
125.0
126.0
138.0
127.0
136.0
113.0
120.0
126.0
126.0
135.0
134.0
148.0
149.0
157.0
128.0
122.0
131.0
129.0
140.0
144.0
135.0
129.0
129.0
158.0
122.0
164.0
133.0
127.0
139.0
132.0
134.0
149.0
145.0
153.0
130.0
110.0
156.0
115.0
133.0
147.0
122.0
118.0
118.0
113.0
129.0
134.0
135.0
164.0
158.0
121.0
132.0
110.0
89.0
152.0
139.0
148.0
108.0
148.0
102.0
112.0
139.0
132.0
124.0
138.0
125.0
162.0
137.0
123.0
93.0
120.0
130.0
106.0
168.0
101.0
111.0
100.0
181.0
127.0
152.0
122.0
131.0
111.0
128.0
145.0
131.0