
444.93189324268343
432.0844154385777
438.0613215315366
442.9022242369384
429.4177266907481
419.08221071126746
460.9071354420653
424.8259183756459
425.49011070900616
430.09916858030795
440.14443271141664
425.24714081403084
412.5088958627407
415.6650657415024
414.47594100980496
436.3408188744429
445.2221094116555
432.50702099223696
427.4628613940168
442.9746428675441
424.56882864357715
415.55796601609836
445.44154539250684
430.3993473484324
449.9367564126054
435.7958242617867
431.7863870347038
430.3222826100717
449.0925205016888
426.7376383343011
439.74411461167284
429.04365256675504
430.4991518798911
431.0517434211301
435.1544365012535
415.359765033187
425.2707095074685
418.74355284558385
436.54867738639473
439.37679589840445
438.36137363207615
439.39058488279704
431.84001780351934
423.10121296382744
430.1941995535511
434.8383860181703
425.22510569654537
446.18844480937986
439.4196307537258
444.8978133343186
434.5588290604687
452.50556049410335
441.32949334443066
419.5167264614602
427.07755185946314
435.9864878931557
447.6929478095142
438.1764990611371
439.7770634689131
431.0535214633101
420.30187429413604
433.1254816975433
426.4339253306135
423.93739666182495
423.15647960324065
446.2897635840327
418.59776568225476
408.9954399520128
419.43569048750106
407.71922070723593
417.66075003322976
424.10774288395527
425.1892851737511
422.88301233481377
420.8831041179348
421.68387407323246
414.9375995243296
420.79726614021683
413.31130940714587
425.8829911302506
425.7596469636504
435.39986236104994
425.27738234991523
431.56185601949414
409.92974574866815
410.2591433524915
420.5647887035993
453.79498430824043
432.91603924614867
425.7363291005656
407.9688855250081
410.54622050857984
425.64431975721794
432.7477102996121
421.04604733590315
413.67077812576247
415.2508229157002
426.7681024249604
418.3923952317767
397.2173175900001
418.1104832020319
404.3066542363993
437.4058811873034
428.5808412441704
415.4076017323241
440.6070849838317
410.2841338860129
415.7779331389094
418.6210825270901
400.8589408530169
418.654435158559
392.35890893263814
401.85289903905056
420.2932612472898
430.7805000479643
438.70939770837253
407.3584109580585
411.09713011271356
437.2489671863656
435.58323367977096
408.85479584200147
432.1559374392724
400.4891608358936
425.252443005108
437.52828812837384
412.9270236346586
425.61092622424803
437.59210571576
389.8508563794766
459.89571294656474
421.3043678983234
408.67151017960515
411.09718889251593
413.26948962928145
425.5497620671722
437.22277761096535
438.2603488820847
412.30160049617115
412.98958830065806
417.977592945251
427.4629098717052
414.0250690004973
426.4107228112373
430.2240065932671
400.16927015399096
426.65408217428177
426.0995869862311
422.71085111438333
431.8547201024932
437.5242600484918
422.81790938149845
415.45587639907615
426.25753297026927
389.59444165594147
432.5062848212316
413.35186551468524
417.6836369883464
424.9856309872682
424.32106705757434
438.1791812785585
419.14137451074754
430.3843449657384
436.3152047655696
415.51695122674676
425.3929241001381
421.0226785356827
415.6564955335791
434.2814161531919
423.84746397023196
418.1020465241495
420.54605582583696
421.9829315178717
426.3044674666005
405.03000441193194
424.6898456372619
408.9306848212288
420.25858562655526
440.10103860000976
416.3123430762809
409.0685795220455
399.3565894556288
427.5259015690924
413.49206441509324
422.8711294784275
409.5609668942395
423.01092620239854
426.4531283760873
411.9248300402516
382.4652398593334
432.270450771653
420.6986409674217
427.12693837607566
425.07861597984544
399.4964857468174
415.1139106481226
414.40325943818243
412.8559761874242
395.0259603524448
422.2451270990751
404.3560089888835
424.5127314805575
438.03718916432314
410.75241103774175
405.2225201905567
425.1712942523794
431.96159975161333
419.0399879539263
415.2597070608865
428.0597611149671
414.5187612751325
435.474827804933
401.719782986706
429.4977950763693
411.20237642733105
420.07896223841146
391.9829442595201
421.32540121664425
434.8268231014782
436.78710568603435
411.9503514505905
409.9810298956377
433.5443804958506
408.046242207785
415.0326591426077
395.8254609458214
422.22594988058603
403.0619617901803
416.2057255579242
433.93437810229227
406.61929103516195
397.8550502691555
440.0656191118586
436.41887279559205
406.943126072453
398.392606740357
424.8322834180214
398.9936634837611
431.1579505687811
423.2255533163094
423.86611522258517
415.90772895366086
420.58069575089473
414.6965240724847
413.2171951191668
397.05451659830146
396.6555991767767
402.0925194817929
413.76428658266565
414.56290825264404
369.7097152543751
433.1514268070563
417.2736240753986
410.4428944559357
407.3369968259687
422.42902073716107
404.9414866775616
405.99510063074587
386.7000701042405
412.6054627233731
401.4828605679827
428.56619707960294
399.30470676136144
422.0451486665799
388.04098626977594
392.96430460582667
405.1935704558272
435.9248140243801
389.5083651008182
393.7623246033898
406.61292070311407
400.69252916533856
415.87456547917367
404.0495736496409
430.08312976117736
404.5553883217945
414.0948273888768
412.2527068443615
407.5099011074232
419.4946604944332
405.70525394354706
413.6821890644498
415.32002053952
392.8604421512025
436.2119315406648
418.2540952491934
393.07145311838195
420.3855147781518
410.40859499987886
393.1325221207904
397.8970811254041
405.89569604546415
397.32651663810793
417.3179960219412
397.0731271957341
414.32025732775355
391.23398372939744
389.35088555873705
408.6609035131927
414.6595923272239
407.53614761267323
368.56971074159736
399.5804816904906
385.30486152173654
396.5433635111625
402.89309535132605
399.874476909526
388.39853466021253
411.08614019648667
386.4141534068407
388.4025516275475
398.20489337624764
401.4909532053
416.5218334350406
423.2220599248092
395.0034984058338
395.516697280838
393.29452584038665
406.4703077078446
406.25393678700254
390.80559023530543
400.57951723218014
398.1218786800817
414.24129205451345
383.7403521055638
407.74960306786056
403.3254625443973
423.8604354446705
384.4557996710471
395.18104010955443
395.93033989670346
388.27183027986115
380.18820609209513
383.82364511076327
404.1881986684088
418.20596833351664
409.54179246009255
397.5616660008271
391.9183375924344
377.3343110111697
425.5158310943369
415.33693184819987
426.6865932671395
387.9573417190166
374.08427539863214
366.6375971453139
382.78489830350077
409.57170118609463
381.30607005453413
393.13267005188135
373.2341872461953
375.31503832940876
403.3688166972799
412.72889444702923
396.7281679213803
379.1216362755373
392.41314245676716
377.34320961200336
373.12115837559713
387.30631477696284
377.9398146295097
410.48642123157543
382.7070355758424
354.42467901704373
361.9444782312458
363.93940027736016
373.87064031085276
370.2410033201213
358.0470799464422
385.33690408751374
387.4128134864243
378.6153451175825
371.81622414773193
378.9617892937936
388.18545405127685
364.21942900243516
381.33585714092044
379.67645300555074
399.4593987343963
369.3318153168823
378.3533931230629
368.7312453176117
382.2462422991306
382.7291242517406
377.5481888009685
412.68922256489435
347.4168292626309
401.86409000974345
379.91101544437674
385.1443911185113
389.8599292276139
376.9907085645693
365.41463999462707
388.04422809012226
371.1013198653011
354.747409252314
369.17947411343323
379.1390796234319
369.34008596245934
366.9956112506974
368.19755354820956
395.73441128079435
393.86487472891184
361.41798796695963
388.4926617729414
346.71343028743433
391.2377844902182
379.94698663353563
365.3434898380759
378.20801550719773
391.0122060105517
354.65329914251646
358.3424083305518
368.02557112997
364.5254162540512
381.57905481461415
377.8853017681629
360.19095089675886
370.4405830415942
367.3772859881595
356.5428168765138
371.6386975421815
358.3109454779205
368.6344777353687
374.0809605447962
371.31548084494693
349.17246666320375
392.9552727199396
368.7542472246935
380.6193541280359
408.6789056060397
384.03282848798887
380.48339393106403
387.6945178508476
380.46103589269825
400.21363499365447
367.784515633137
362.47319536815564
368.27304156613076
362.02696096877463
367.67684847416405
386.0305079124368
370.5578278736038
387.50750586218936
345.61593793848806
357.1392603406615
369.2131862807565
377.99330762416116
380.89451700647135
367.51678994510786
346.6131087374554
376.9668692647052
361.68155879536835
369.8199090653353
373.79457149145253
377.306290499115
385.0855254881568
376.46745443327615
384.38957117453873
374.36330789904093
365.84117373750564
360.09915502728904
357.8016125652841
342.3626292151528
372.72577008473706
360.81941473068565
389.52443418320183
385.23373319725135
358.50066444155965
385.3948068385577
390.3553358269192
365.44330040885853
372.0104910762
377.5988154103327
382.4514026955046
379.15993865878386
351.19969216756164
388.90115417887347
362.4243230103556
360.7056163631749
372.62054453768576
389.28310881212315
360.8107693780614
359.55742532054063
373.90583455220496
378.38884963964813
381.3067032510699
367.2340793634657
359.6743199384167
373.70089772653904
404.9410928260407
382.15271745477895
383.179489127876
358.3406493280267
349.04149475330865
355.5409746361835
368.3379334316798
355.28076342571205
370.7346054450278
383.27264667386333
378.0697085018967
374.96449994557673
376.94883001262787
375.28208971425715
378.0902116310374
404.57653208371806
377.5791233280194
386.55279393720144
373.30356188154764
395.79394350925924
356.7666984344126
396.9330372049375
371.99995434846585
379.3905758158302
363.02301704958137
382.0915977041808
375.03640643339355
385.4670517372607
369.26737190287344
366.26141120160935
362.2950269815607
374.6446920429145
397.2641232988029
367.2994555097354
385.00695458023796
360.4625265915215
376.09185737133475
375.8180964100733
373.52830955201506
357.1043182349464
372.1898924868356
366.3452084597013
366.3434836017329
367.11655953696936
353.0327688072159
368.3163553602135
373.6979735201325
380.3410795824387
365.8184039304958
365.70140238557366
371.12460491121635
370.98084062829
359.7893683145826
395.1830073656892
375.2108085884963
364.0343784769061
378.1425373562842
374.14185339963643
357.61285211108583
368.47297630300704
366.52490315033725
397.1690987690207
375.26056124383655
373.70253783590016
373.48753458077806
375.4383043716784
375.1605448545752
391.1400694634099
356.1305380735614
375.67486865474666
374.96550327580155
363.6738894853945
371.8441134724949
370.2348297956167
370.46675040622586
359.6934521756011
370.3369638522521
354.64666236067876
387.0854134775307
350.5637036107661
375.02800580886
390.6481940888275
381.05431407949715
355.12938462378736
374.01368380546245
357.15504700202024
372.6879006610836
400.60764273402884
389.2141517307015
363.494334505086
358.72572367025975
388.023959993727
367.6597881089298
370.95834593190665
368.0863021328535
366.70041726925825
366.7159117566653
378.3424974777691
378.24914403763694
363.58440526524083
363.1205455804304
377.95280525071706
349.93835289424015
361.22380332999893
351.59201110299773
351.7991567079254
364.29087156466346
361.0564059556822
367.18121789456455
379.7978933726632
369.9341322935766
381.375703491907
363.4926569902156
340.7327501300535
359.21118500251583
354.5860292815252
356.01650401948535
343.4470408106556
373.04917635391763
383.86813395177427
364.1719000646421
396.34862388173786
362.77150688258536
394.7725651495044
369.87552419924185
403.6791601481797
362.7364304053379
364.05326685884154
363.2367587811961
331.32120938056136
362.12486147085457
349.2896906354562
383.5872887141279
353.35547345905485
361.5563223729845
368.2576390810859
389.93188249648017
385.6319854655434
369.2731090283567
377.5008605333512
348.95295252563506
368.9810544994702
347.96441522353007
358.6729481093327
362.16911907891813
368.9814221980391
366.8826172702305
371.05427254222917
363.5697578422443
375.0548667919167
372.93515046732523
358.8290657587763
372.0769303205322
387.19078657976564
377.197509274755
355.56667037160275
358.79957168840446
381.3778817560115
387.40183357649084
368.9101199973961
371.3847979404674
377.5826311944618
366.3154564294235
358.14204619721534
354.2357748882462
367.63558784316547
367.97348857074553
339.4985465136319
361.98921350555634
371.20574591223505
367.2676819653367
362.19422710640896
351.77800560920764
370.7739900437698
367.79312895159126
379.2777029063948
386.631710508568
378.5750651427162
359.3820493400591
366.4510135986202
356.2135719993576
368.30124314835945
388.953784232923
387.34491566437197
367.8680833112085
368.4909405161889
365.2672523730076
367.7379336391519
345.9591387711137
365.21285182882843
362.1350841410255
373.7762981622781
351.9904363179557
377.23887870354696
355.68717651063866
347.0128627950117
359.46697823836695
349.408046645706
362.9674455746031
356.38574662225705
380.4796682339578
338.66935183376546
362.96704466272183
363.2294113626697
356.61901247077236
372.34893424406465
357.7208641638834
356.91609195860735
377.64278674668844
363.82541533595105
366.33171647544424
382.7450957572644
370.98131566137164
370.4711535768711
353.3257892873717
356.60308475746405
366.7393168810829
362.91222819291545
362.08841987235604
352.06594418998634
362.1252438399302
338.5480724901848
345.9121483213712
343.8911115526825
374.8119216098119
331.4325445303146
386.44941122833967
377.65800952129655
385.2464645778023
374.3138830622549
376.2645909478612
369.165357535224
371.5872770833838
340.6302368666696
356.93748632040456
372.6171373787322
368.95015870085876
356.89894977928844
369.40596093506326
351.91619234157196
355.3380537045659
384.4525744488651
324.2223598340458
371.43638704660617
339.59784660834026
368.8545248195324
350.0398208815171
366.8432607520328
360.1976933375481
362.50696635326057
366.78216746109507
373.79683021622907
362.2578438917876
359.5582413220108
369.27328196468335
356.3840855935986
355.79181101888076
387.5616695871165
399.4714273323493
371.158155514859
363.5608538680289
355.9892205880604
365.7479260545968
367.3716456085147
345.90786515148096
371.30643698176675
370.28166481667637
367.6927313788543
386.43946875293227
385.0650057407845
396.50368039855476
353.6750500137023
362.3129816395226
361.9930576388696
376.9002907590817
380.1121668256021
386.1438549379979
361.19478774307083
358.82631817703646
360.4472515476453
349.7634228516337
362.7316980081589
354.16315551121295
373.5997861455521
354.86406319546666
377.3586344903332
359.9579794031667
374.95331338368436
374.3272057777976
381.0347216935472
382.27615035096744
370.26460917502914
360.21720696854345
337.6194964665385
360.72740090830865
378.95031095571517
368.9987517184191
369.341779303561
362.486511309885
356.641600434229
371.83946785050676
358.7810029810597
357.42333081183426
345.61806058417096
357.94734624178983
345.912617514771
332.70312904683846
364.9134288905259
370.5821648743311
345.1798918225753
397.58878878594163
375.3559137197108
362.80663822881564
367.4798431498085
354.71259591689153
360.4403758179407
363.77532344996854
361.72513868643307
371.4550302816704
360.6439740533185
368.76187800711915
376.5932480833141
367.6012755575924
373.4612971754535
365.76090669085767
376.28070084868176
392.2061328850343
342.17730628337216
377.4691192273036
352.74190513379295
354.50253904457685
368.97981084202036
376.892710293534
344.2924418321676
358.29248807547134
393.4042681165432
360.597378996783
350.3954456656837
380.0879649413739
360.8073859856763
399.48369823805376
390.76921881108836
354.84333997691596
370.2654727890325
356.46232950729217
378.3139227962205
380.507814420751
357.5435445377295
360.5197251351745
374.12314409161974
339.81448296281764
374.6532553498065
381.34542695591995
367.4058480465231
355.44923210006795
373.9896062281885
360.99595537190214
356.8847215622648
352.3777128169329
357.63159515648675
355.598498914913
369.6809646255659
369.3637839456192
368.65594958232526
367.66022544808783
347.2774516339053
369.3979625081463
353.6856133412231
363.46130140062496
376.81432703823265
366.4643425030123
358.12971759960755
373.8865249286394
372.73375472521474
392.86304249366634
361.26434201046425
359.95223242738916
368.3221354492728
344.6237131847699
356.93021927848395
370.1286267157891
366.7504945798438
363.65916071299114
351.4843811793557
373.02612106700604
369.1502864938452
345.6148418108834
346.6200142322383
341.7432605809452
349.59233959735377
337.2007381384898
357.01954525008864
377.53118605772875
357.25359822888595
355.35666274499835
364.9350928941593
369.06890656322133
374.2089827474593
359.6355528497401
378.66507360548485
371.8281709226632
371.44773907357654
367.31316822433445
364.4932952526288
371.31754455091556
377.38724041187385
363.8190403075777
362.1144631334148
377.8205745454766
360.32600334167233
356.2795886477536
377.5986772116068
354.68059830494184
364.9434165610338
362.8356136346974
339.0986891269193
357.4811241860488
369.7190477053314
366.3006399313287
346.5995338535613
356.99325421538896
358.22934026354255
375.51438772021663
369.58571091009867
351.33352452617873
363.932370815803
359.5246256488239
371.73661550451936
360.55365462738854
377.2828469130676
374.7182865849029
380.97242790366926
372.51567292287973
370.06846397135615
358.6046860469206
374.84328066528514
372.22333550199704
366.4288131257328
390.87036133357253
394.49556192478735
358.4300160288273
363.94555509818804
372.7558315133304
386.3001162801422
368.1930568163318
370.42506389883005
358.63611333685316
363.94060996976526
350.00793599494705
374.12277000579576
347.7913210545882
377.4919897366724
356.0416056789186
370.38645155598425
385.4104863733066
353.551032294645
337.6014986140737
350.6511461161045
353.05140400598134
359.7932563631959
373.64688446368564
371.2484459898062
366.675566517117
362.09281339567076
355.11386372012134
367.20929520433083
370.6044465019933
364.9536836070259
367.87732650629334
378.87939412749415
365.80106956338574
363.8455965612861
363.9043287090068
365.17734987103324
355.4253048620885
353.25310696264637
360.5774887642664
363.6872328464087
373.6823656050361
353.4394581279384
381.7551783176342
376.05290542027257
349.17847092867027
380.2612454964876
355.7658793598195
365.309635724391
365.7259601748998
351.41422400880657
360.97248538149796
363.70793461235286
340.8912044240983
368.8596940235622
355.66978957044944
360.27500602916507
358.60215817546685
343.31191663272637
356.3382510700906
347.9287565996245
371.92364252201054
347.75292226644723
361.665253632929
333.4616374044035
355.2584195674499
356.8907335781947
367.8437627353719
360.0295065424023
350.3136395919797
368.4531202480911
362.02153410295693
360.0572800953946
352.93920084380335