
353.48225068617774
370.7070472123352
315.45411541440404
338.50535956014465
372.4941193923419
382.0105275015215
395.87302861820064
312.49087849255903
333.65437589888444
340.4512176044481
364.2827948775778
325.0501991359339
403.2990020000363
369.0854281943576
331.9047630988183
349.5777416589897
293.6801191200864
383.9548707932242
318.973922404084
369.45121358948586
349.786032794916
326.45810046482535
353.37310549497533
366.0325225200715
392.48404296815795
376.90185023805515
405.95250991712675
351.0499305430021
362.7938089050035
406.05089618320767
378.1981856145231
380.99523233614775
343.47448361291174
415.30184343196174
359.6116142634987
351.1922061374654
384.4586352156859
449.54007216800744
411.9983402853727
435.3854647481539
413.47662358849
385.2791147368465
435.55300335551203
394.21652248512794
414.1114280379685
406.15909424965963
442.53267895039744
445.4716972317025
443.18017575761354
434.7772830921025
433.669745050948
440.30092853522314
430.3551709220651
452.7579035483014
437.692261337746
505.9072026724493
481.88490002435424
498.2442229888687
443.08635603596593
461.71608379255764
479.4312470753384
426.2635502822757
503.0589828245022
474.3796067451522
458.95685004316414
483.6391795683423
479.22769240794435
476.56199150422697
498.2392377423285
509.8062041051975
479.846806977355
521.6919076543004
485.28326487688435
505.83362133474066
467.02923922999094
528.2260068922786
513.9204174374286
521.4694770692646
541.6841012060851
474.6634457257974
537.5356652849085
526.4201415506991
490.13384944952736
505.62554840994466
538.7344256448911
539.5746031751976
564.4975163455177
524.1788877349951
512.5899458038933
523.7409824122942
515.3407029867992
531.7255747092859
568.9798894994167
519.236356459068
528.929253415905
555.5196050948272
522.9932554336605
565.1744880856509
549.6002839410243
535.9759056845105
536.1003146318418
579.449523137224
551.3143057803932
551.1973208800591
567.1549856463208
514.8564499009336
557.9654629317129
546.6494223626415
538.831627594456
538.9017499816799
544.1604890640281
584.3722196129552
559.4965706953625
563.3995281077998
584.3566524315713
545.4038478133863
574.3377084970896
522.1760426765039
547.3287807536726
540.4146156677401
571.9021078541693
546.8868825241519
559.0437655368919
565.6254659765145
567.7820718158496
571.2675263449435
549.2946130679358
543.0192486930397
563.0989603466111
575.630285935925
543.8341701482099
577.253004758326
566.6260159062823
573.1928960721561
598.278651704207
555.3417455182567
569.1077279795552
604.7825897117364
570.2783988672517
618.9083391377264
621.1909404701931
585.397201270522
544.3494453917917
584.3864722172762
588.9154182268721
613.12188902101
577.0446849945564
547.7096054266265
586.4508042150542
584.3781078943061
568.7546261309058
597.4121041630398
607.9187568029981
571.5899145102372
600.0082548583114
562.6314850783061
607.6824509429067
581.0515006160707
591.0237046427426
624.479041849165
605.8108554509804
596.581311741311
619.7338548861593
592.5281098607696
612.3378003338448
608.4984058194754
616.3070821417035
577.7688763663173
629.2807421922691
577.9590433348355
635.5438761071139
621.7173348790913
587.3945837380893
584.7771491777282
627.7699488781673
612.7001359478655
591.1799136390119
613.4441463582496
640.696469111924
597.8022315959506
614.4602902682776
546.7979629181674
625.8352253859557
608.9253382750667
583.5242617626257
643.1914026545847
634.487823157738
656.975323070932
577.1538445365811
604.281476630212
598.4883259217358
632.9032126832977
598.7653562305047
613.9911894504771
640.2838703092048
630.6771842788067
623.0887543789787
628.4372551380837
633.8344018046697
648.8746072279414
635.9112789526426
632.850329753341
614.4283469135916
625.1168080898503
631.2018835705957
612.3178010023793
591.1708668306915
638.4435874615054
593.555188244016
628.9584053251549
595.0318456351715
613.502267236985
642.3779367154048
634.8113347767136
620.4257208696544
613.5227418266646
642.8366967353796
596.1535522824097
653.3805274771705
666.8527837592394
609.1190283990211
602.7610286087806
620.4408101604696
656.6317956622345
612.8305810912111
633.9043028615365
650.2944056658915
619.3275709774563
630.4028904736892
620.8387417220165
615.8028810090949
669.8489140711349
624.7085602755185
622.8410092884274
627.644807283626
636.3313928110788
649.6426254046254
666.2843742355745
627.5741342930013
643.1619334994651
661.2733941677918
652.4775249954456
671.9977775953355
686.8563679779926
669.471968664852
643.5335624143363
654.7861776258965
678.7266799329483
677.4160755471903
652.0642251395931
683.8785632102921
656.7901518304438
655.4313225301504
669.0743333641738
682.5790800004946
638.0551168798994
671.206922325903
667.8186804755647
687.8613235963052
672.456408637274
643.5456913389199
647.1597033054207
653.2078298535259
643.6767902168361
688.3947456875071
642.9523485534189
687.7593631512167
650.1686032451962
663.0048619819485
654.3375455573619
667.0928484813055
661.3721382116487
693.8311839171934
650.1708024849754
680.1228383755557
694.7835411189938
647.0206579456502
672.5477427058955
678.4730099605263
676.7956699050233
675.5364222589881
660.1293551105564
673.969002900658
693.8831525247249
700.2933815639127
684.5438969687923
690.4031216273131
704.855861601871
665.1558036414826
668.3029207272202
695.1745709098077
640.3925291661111
686.6546509261337
684.856342754383
687.9680259677953
688.5672368711331
672.7116194791018
672.2623518346586
690.9313109455729
722.1585071602854
695.2442850195523
686.9355400306042
687.0755914922729
710.5125880724722
696.8934605743478
698.0211586198632
683.7808549177103
673.0708852144818
735.6777326869205
723.7426607542534
704.9878502994364
706.196608697456
738.195450660271
736.0826390896713
696.9172954769185
734.3658552782167
717.0112135200321
709.8406758459048
698.976752346188
750.9534780057891
718.6335288007592
680.9954976714199
685.2053237941873
741.5896910677677
679.9956806752461
723.3622059953901
718.2788245667033
706.360572576952
725.6573648308929
710.7956221713833
667.9968900713261
718.4130166890624
693.7441251389495
708.2378623950473
700.7501658314077
744.0320407424271
730.7208375123496
706.9633030297463
686.0645125634842
709.1027981038471
716.5358138527419
701.8380814577359
750.3962919119847
732.3706355117351
738.4086194841387
682.1986801312263
712.1822669055274
711.3914061267973
726.9116008417238
710.8499438421511
722.5371490979202
722.0041126378273
733.811866510293
721.0400795717892
693.4811449533951
721.3112648700694
713.5299592174503
757.9090958185351
720.2734632473761
715.4682517165198
724.5285616516329
735.9839121795859
752.203109025731
700.7622404659679
711.8127577270567
715.9005599692301
729.5939753445173
710.5973574612912
738.3146229181142
725.2389058419758
743.546805302331
700.6308905057601
751.7891049280574
756.2040919201046
741.6393422541471
742.9751642903994
753.0973104828814
738.9140321941453
724.5321358034054
753.4353286709133
727.0684973851646
678.6141867727046
708.8550683102301
706.927869900575
719.9645355529442
706.2840012157315
737.3911183821131
745.1015105231718
740.2106057014172
730.3307910612658
713.4887981888439
699.5689301790496
758.5583453627613
738.559866207241
719.5891934102759
713.8442879860999
717.6517931215197
723.7775321574371
729.569642553814
738.5258313138869
709.4570690091308
725.2802773201349
715.3056035671293
716.379471085211
734.53430121306
718.6495054059782
722.8377187314193
706.9001692581722
758.0745912800293
718.0862285511731
724.3767023737561
721.0023559789221
724.410993303126
714.9138331242038
745.5402851618192
716.0783776601301
724.4009458389318
716.0831612770436
704.1082887066806
729.3809770606141
738.8393936588549
723.8543933688882
711.1915488530082
700.47956604798
714.8601341397937
698.2399858035105
722.899398239846
738.0424132747762
709.8723216549998
751.2070310707811
736.5236998212052
734.9714033866337
743.8266084403118
743.9975289564522
727.4203753698442
726.9623518264368
770.9662994015603
752.6092359168516
713.9156513619753
738.3058939300939
736.080598567188
739.8342202700921
769.267264691376
715.8612092146177
747.0976764710301
724.0076242990413
726.0223898036706
771.7521184800389
734.5935876589763
725.8590932697007
716.8243552027924
697.4136953775976
719.1888113982417
777.8399649835193
742.2596220286191
764.2119647060202
702.0875142153039
713.7326375484856
708.3204707839676
715.2993945492665
719.5921883748395
744.3376172001523
700.0345097963582
699.0703102565218
723.5934132253483
739.45963869369
746.0477089844753
729.9947081389579
754.197988512705
731.3882360884386
763.7133843142433
751.3926912850025
745.6166112991763
725.2488840780378
735.3855701243249
717.9977737177952
753.8560666248148
734.548589331957
754.9673494624668
688.4924061383322
750.985096655773
699.352624650168
718.2542723744726
712.3511864388336
726.4304792808684
730.2184571206268
720.3510655764909
717.5668870806953
745.6287023071222
723.3099032073925
701.6015214592677
729.9101089960767
767.3689360832859
729.31485438184
719.8061884954953
731.8155115777604
713.6379942269589
729.1601206061474
714.0293382537652
782.2340927748297
739.4789725638952
743.3034745312455
714.2666731709843
769.5282416786393
746.3848441830391
726.6025956565285
761.2336215565555
713.9002405317846
736.4192595059367
769.2198347719868
729.9963162102222
717.8890498440221
713.1785214094587
732.5821619128245
755.2082477090895
739.7191348711759
724.8743692095863
758.3905635023299
772.6751346153511
725.5803707071577
746.7785543562452
753.2492664521737
709.6252644182669
764.4817098649083
757.1800353345013
759.1014143210132
775.4408461953525
739.5487052216022
766.1461596733891
742.2136623830124
734.8217035382811
711.0212743801435
747.0709347860465
710.288926694432
753.1532480663112
685.6256311644521
758.0289530676173
746.5025051100555
715.6445182926312
756.2836756232807
721.8719068617597
731.5040650362303
738.6610709036656
727.4133464775097
728.7322593513785
744.3739304249717
735.1590665401097
734.5989736758705
718.4607402021638
710.9336463541366
755.0137535611465
729.4463552890816
748.585316891516
758.8690812370389
748.6531544677682
742.1164677903226
738.7956348655655
709.6515026748618
740.5454190347376
754.3472475348029
751.6207093898832
728.5311125122827
730.7185531317301
783.4124542086992
773.0816371115019
746.90626986293
733.1956675463331
715.7881587725898
713.6187408401752
754.2202057102731
720.2492957521026
730.4632363965513
734.5496891220795
727.3940574229887
714.3246040274475
740.1653158071209
735.1029532473211
756.1080625651224
717.1752573272315
740.1354989587743
753.2313698982612
752.0469387525532
741.4647175767459
733.2912921783732
753.986689297898
719.0348651754456
725.3395786026882
748.388655076023
766.4307919031858
737.442670228321
737.9067383688457
722.5268942492335
735.1134609986663
726.133220149236
744.0723322522678
730.4094300974082
724.905221662275
769.3739287106655
749.4963743692974
749.2226155822966
753.9430965632424
756.4711126750523
698.6401944072335
728.8489701301135
744.6135269849542
731.6974502722849
717.8358355934661
771.74225112396
763.0562301389314
744.9154888134995
724.5720276236196
741.0059861344716
744.180041671743
729.1487088790278
729.2440977330424
754.9305595346245
727.6103111466246
775.6516608855736
741.0291744536273
739.1156467649739
733.120594657179
733.4623053315613
738.1992460163253
746.5180536203657
715.4447846288267
742.357083659869
764.6281405020023
760.6389773292354
710.9971030558366
740.5187173543897
750.3454891321069
747.0789220819706
756.2243471324306
760.1006583300725
744.8414036303336
750.8107440977701
732.1522049492078
727.2811953820634
725.9378680166633
734.1939021623217
733.4965950268972
731.6036438048116
729.5188522270905
757.783998214024
758.4482363561765
724.4244863098922
770.4033023474191
752.6218224768057
744.5760582862059
761.274189899445
732.3212948593831
735.9873372308202
759.6632030624235
760.1851854593114
766.8239335411002
731.1892802917253
726.6271369404651
745.2968704193377
692.1536612814656
742.0793695910847
711.2616965416539
709.9489457229303
738.4128387003044
726.1337304339525
736.7432935064452
739.9032627545633
733.5980328860434
712.5163999086749
750.9544115634192
728.3924029150554
770.9472785993703
754.1012670689855
716.5147317362647
745.6206378344796
726.5535686727115
741.4225914297916
720.9726654737219
743.1200567939464
725.0466076927561
728.2762412367978
736.0783177574469
738.0347215290317
776.4010691546833
727.8908531659213
737.1102739556326
733.7182968117681
700.7119644462717
718.0095523837203
763.990695881729
731.1575981431715
731.263902120897
758.8683220485586
753.7984539919878
750.6294308750446
750.4004073391359
739.4974363343571
711.4917983839658
730.951702035962
748.5445571419888
750.6365922391471
701.4594601761792
742.1212187784544
749.9181109374616
749.5984536814888
742.399501402282
759.3989800966717
754.6279729482991
735.4940670827791
761.0690230028802
730.1596420337248
732.4214936426163
718.5047791217273
733.966070816836
751.8283541430344
726.9171736747309
778.1208509613795
749.9106587457328
719.5623907506305
714.5708949040388
749.0653945603176
744.034015348945
750.2986281396667
732.872205675171
714.2349489768411
744.5670184820149
710.5638406026918
749.0762473973507
737.6553009375871
724.1845317907538
740.8531800590423
753.0918318508782
728.632891433049
737.359363116975
726.7021179330669
721.7433202067213
695.9034794550507
736.9992559926875
738.4640940970536
741.4852692129982
749.0067513891082
748.6892966395845
730.0237356296805
722.7584694401564
729.5428861247714
733.9464674256208
708.5131042177304
704.2788162485724
741.2343027549421
731.4460970753966
739.4939267966117
757.5715273127066
735.1981026779656
730.2763070413722
739.6040729138086
743.0008828641259
765.3779677933821
748.3842866913624
745.2073942377577
776.1926998171725
795.1485122852982
719.2184785078863
734.6113406561318
739.2395300165637
731.7457337019492
727.1013289110227
723.4837026465387
739.8498173368253
725.042625693607
694.5022072408428
719.6446551007189
729.6275699021895
739.4040112559081
739.627784311508
734.5776642474252
749.0742202478602
725.576669133026
736.8417824404773
750.6267567600723
750.2908478483699
756.4924864835415
755.639944350187
748.9625800744947
724.2567584594789
721.11398530458
757.1048733739476
707.7460383191475
721.8869646250383
753.5963578575082
736.5959724334307
740.2019928339989
734.4686603924106
754.9770304620382
745.507816945459
727.2417879747773
739.7287888171909
709.4288118984432
735.4639461496569
741.1560216110331
733.6256031278896
743.3466538379673
743.91386038998
718.9019085875418
744.4694811342611
696.0633232884732
733.134709588071
737.8149461229153
711.6051334850406
730.2872224663082
726.0085746432732
723.3887626242181
725.8358550240845
717.4590942662007
739.9810262191623
733.8784713485097
737.9617694802648
738.0897444351767
736.7388618741684
777.6681946991044
715.367128868351
697.2206256887625
736.8708495270507
734.1299910757704
719.5987420813071
736.7606624887339
743.7181744518977
754.902842505678
738.6211846947591
753.6630474506699
743.2436065832029
771.0238280217949
730.4153580217287
729.6565400592252
751.4023469721005
753.8522455486134
720.9210637740101
725.2946101711099
735.660389362835
743.8973175410266
746.8308848483598
712.4055652080227
772.8206745651415
729.20460325241
724.4102818487839
726.6483173613633
745.3830995003442
746.8673185383077
748.547047580641
736.4215355709616
733.3162559373117
723.2673225945296
723.9580308776187
696.8002127110886
768.2444832863339
732.9297584782356
734.31859359782
712.7597707141721
733.5226520924208
736.3399194176735
747.1663067966829
728.7670239573907
731.3023333229953
743.2413758068731
755.0398073928756
751.703957689717
731.8144322015672
733.8842207964344
754.191205756042
704.6139516443598
726.9047406311611
729.3369925133507
740.949329213604
732.9098811322453
734.194344574609
748.9203706477159
738.1978941163097
743.8081357929306
723.364599952525
741.7295969038054
719.7105533663472
731.8728593355714
754.3256302664508
756.8160186045228
735.7878959922926
744.6223351541189
757.2743402136794
758.5095114891852
764.5983908695872
735.3001948473366
755.8308033661426
743.1120274918746
733.644361994885
730.3748580470109
739.4792116798238
727.6880123817756
712.4117192526065
758.3146315325159
751.585168738003
727.8630494335683
738.8010586913869
727.3195172380936
716.578999602965
724.4757919126965
738.0383877627781
741.375840248799
721.8642303645274
719.1666288852958
739.8007452808763
757.4136022837897
721.9758071268476
739.0814208074024
725.6364780019761
734.1660157342559
738.5328107478916
725.9238537702278
735.0914294045049
753.3907795941128
747.8806397571841
696.5451696105607
757.8333034049264
744.4074959082021
776.7389543140966
753.6764811834994
760.7275323670054
746.3600028035253
767.2883480076914
736.5791222411508
712.9503514093002
722.2759505440349
732.0769613916246
711.3374137174496
704.4800310543957
734.0265642883217
726.0493031501528
735.4729078317589
732.2078084646346
728.6339703142351
744.4997965214851
735.1747828899486
716.0926489116848
739.0720362496686
712.954873042024
723.1586770960071
735.5207579726
749.7345097206406
722.9384465197987
718.054042747954
726.7785867729806
718.2407826273283
739.2924473705377
732.7399552856234
809.8585187058063
725.0154223449697
748.542488247665
705.6110669005715
726.1601434947963
757.3051904891951
752.4880102848259
746.8631462728729
763.778121853868
733.4403130368233
721.972414424285
751.3329540806081
732.6338143074576
721.6892585332889
759.3156621684625
743.1074299437537
738.0485241921821
739.9479603089752
705.3495003145816
762.4868905648314
753.3910313548702
761.5271578325514
714.497810839168
727.6772090701734
782.6320297206125
715.1371832339026
719.8227847048871
734.0986961393531
709.4752962852549
765.2636191022888
733.1693575645268
715.0348047691183
744.6744591738319
762.6500002910773
737.181361267897
741.8770004586675
750.1307284720664
748.8132648355102
761.9552795846085
773.5628319398888
724.4583449866861
724.2426711570745
741.8847249869501
732.1675665172274
720.6238983565459
732.6722636883616
767.2041622146597
759.6812155527098
739.8040908486713
770.4029418367121