
7.912903225806452
7.94
7.986509274873525
8.168539325842696
7.707826086956522
7.802047781569966
7.708771929824562
7.792929292929293
7.797678275290216
7.670103092783505
7.596938775510204
7.826923076923077
7.960461285008237
7.888349514563107
7.979099678456592
7.946859903381642
7.964343598055105
7.7147707979626485
7.898648648648648
7.550724637681159
7.746967071057193
7.63840830449827
7.5046728971962615
7.781402936378466
7.548442906574395
8.090047393364928
7.45144804088586
7.554385964912281
7.300536672629696
7.820819112627986
7.694827586206896
7.7730263157894735
7.258561643835616
7.666095890410959
7.576470588235294
7.4021937842778796
7.7894736842105265
7.550918196994991
7.785714285714286
7.641791044776119
7.505982905982906
7.6796747967479675
7.644262295081967
7.630397236614853
7.4100346020761245
7.851674641148326
7.897271268057785
7.6806020066889635
7.412162162162162
7.641479099678457
7.614147909967846
7.452768729641694
7.378164556962025
7.258175559380379
7.141880341880342
7.368078175895765
7.2859649122807015
7.137221269296741
7.372322899505766
7.393987341772152
7.177554438860971
7.324607329842932
7.350961538461538
7.257377049180328
7.354134165366615
7.256849315068493
6.9984051036682615
7.313291139240507
7.090136054421769
6.852991452991453
7.161030595813204
6.95945945945946
7.3277310924369745
6.9640522875816995
6.574545454545454
7.268174474959612
6.929065743944637
7.236666666666666
7.06
7.21594684385382
6.958333333333333
7.274143302180685
6.589830508474576
7.028708133971292
7.026058631921824
6.8962108731466225
6.901041666666667
6.636672325976231
7.188197767145136
6.829617834394904
7.099833610648918
7.169572107765451
6.6612377850162865
6.691680261011419
7.039808917197452
6.971014492753623
6.981848184818482
7.0604133545310015
6.793103448275862
6.728205128205128
6.814754098360655
6.902711323763955
6.676666666666667
6.913764510779436
6.411965811965812
6.725423728813559
6.7130872483221475
6.52787456445993
6.751243781094527
6.994957983193277
6.914715719063545
6.699834162520729
6.920415224913495
6.819277108433735
6.557659208261618
6.783251231527093
6.937190082644628
6.694835680751174
6.55108877721943
6.524305555555555
6.717391304347826
6.688468158347677
6.857371794871795
6.618811881188119
6.860197368421052
6.908396946564886
6.8832
6.351395730706075
6.728785357737105
6.296875
6.160202360876897
6.679661016949153
6.534722222222222
6.532994923857868
6.657331136738056
6.485809682804675
6.63375796178344
6.072953736654804
6.48922056384743
6.500834724540901
6.257713248638838
6.532445923460899
6.539898132427844
6.417657045840407
6.329861111111111
6.053726169844021
6.3021201413427566
6.37719298245614
6.455759599332221
6.501633986928105
6.827044025157233
6.516129032258065
6.381786339754816
6.130742049469965
6.226415094339623
6.7092651757188495
6.299500831946755
6.459504132231405
6.744408945686901
6.39935064935065
6.426850258175559
6.306089743589744
6.527182866556837
6.371929824561404
6.612641815235008
6.550675675675675
6.356756756756757
6.553090332805072
6.452188006482982
6.546325878594249
6.476351351351352
6.657718120805369
6.51551724137931
6.7368421052631575
6.473244147157191
6.311447811447811
6.325581395348837
6.352842809364549
6.34375
6.386023294509151
6.3896103896103895
6.426597582037997
6.285451197053407
6.213559322033898
6.532915360501567
6.519108280254777
6.351118760757315
6.325914149443562
6.675347222222222
6.52442996742671
6.380487804878049
6.363636363636363
6.433506044905009
6.413398692810458
6.367021276595745
6.466442953020135
6.656050955414012
6.586092715231788
6.22972972972973
6.341346153846154
6.115318416523236
6.2796875
6.472268907563025
6.3718166383701185
6.5108153078203
5.958263772954925
6.155668358714044
6.444089456869009
6.201013513513513
6.358458961474037
6.165492957746479
6.284525790349417
6.434294871794871
6.254486133768352
6.237785016286645
6.27054794520548
6.108974358974359
6.514285714285714
6.286440677966102
6.235109717868339
6.40829346092504
6.343257443082312
6.326013513513513
6.371621621621622
6.423611111111111
6.465378421900161
6.468189233278956
6.1798319327731095
6.586750788643533
6.290322580645161
6.390082644628099
6.406143344709897
6.3624161073825505
6.309748427672956
6.3003300330033
6.565768621236133
6.111492281303602
6.108064516129033
6.375634517766497
6.314553990610329
6.2444444444444445
6.143103448275862
6.405263157894737
6.224793388429752
6.278829604130809
6.252508361204013
6.37936772046589
6.118043844856661
6.33993399339934
6.218697829716193
6.4471544715447155
6.245183887915937
6.360627177700349
6.449915110356536
6.080419580419581
6.409967845659164
6.212177121771218
6.373287671232877
6.161061946902655
6.5812101910828025
6.350584307178631
6.321548821548822
6.219354838709678
6.214765100671141
6.668246445497631
6.52435064935065
6.178752107925801
6.632721202003339
6.478114478114478
6.339495798319327
6.190556492411467
6.469217970049916
6.295025728987993
6.2464
5.99327731092437
6.178861788617886
6.258389261744966
6.402640264026402
6.175122749590835
5.898305084745763
5.957522123893805
6.3552
6.026178010471204
6.364686468646864
6.078125
6.2918032786885245
6.136752136752137
6.5184
6.258320126782884
5.8875
6.268502581755594
6.414191419141914
6.137693631669535
6.157522123893806
6.339070567986231
6.381666666666667
6.701986754966887
6.298412698412698
6.330985915492958
6.136439267886855
6.6242138364779874
6.133663366336633
6.554817275747508
6.5844370860927155
6.309364548494983
6.386885245901639
6.41091492776886
6.409888357256778
6.327272727272727
6.196245733788396
6.111658456486043
6.6
6.700647249190938
6.541666666666667
6.12
6.269491525423729
6.267111853088481
5.993127147766323
6.204188481675392
6.304
6.2427843803056025
6.074433656957929
6.44189852700491
6.228295819935691
6.132743362831858
5.930313588850174
5.73826714801444
6.622611464968153
6.398972602739726
6.240677966101695
6.470489038785835
5.81391304347826
6.197916666666667
6.187800963081862
6.178571428571429
6.282644628099174
6.231810490693739
6.2322899505766065
6.165573770491803
5.977235772357724
6.186528497409326
6.250830564784053
6.211703958691911
6.087030716723549
6.134646962233169
6.178036605657238
6.171666666666667
6.195945945945946
6.159468438538206
6.302507836990595
6.161839863713799
5.779896013864818
6.296740994854202
6.014563106796117
6.376910016977929
6.240322580645161
6.257289879931389
5.940438871473354
6.094276094276094
6.441379310344828
6.364906832298137
6.1931260229132565
6.275459098497496
6.152709359605911
6.055944055944056
6.157894736842105
6.212837837837838
6.204283360790774
6.532591414944356
6.205501618122978
6.435534591194968
6.385259631490787
6.13179571663921
6.297208538587849
6.382445141065831
6.088480801335559
6.2672
6.414355628058727
6.129087779690189
6.192953020134228
6.414239482200648
6.140439932318105
6.33109243697479
6.634868421052632
6.5394736842105265
6.495881383855025
6.187931034482759
6.19614711033275
6.302884615384615
6.18716577540107
6.291873963515754
6.172859450726979
6.336038961038961
5.9438943894389435
6.245033112582782
6.268041237113402
6.265822784810126
6.247038917089679
6.489827856025039
6.401976935749588
6.33115823817292
6.139175257731959
6.183306055646481
6.374581939799331
6.312396694214876
6.280701754385965
6.20495867768595
6.436392914653784
6.224193548387097
6.225328947368421
5.942708333333333
6.3872
5.888507718696398
6.2216828478964405
6.208064516129032
6.2095400340715505
6.15929203539823
6.295336787564767
6.318493150684931
5.995137763371151
6.189597315436242
6.027972027972028
6.477198697068404
6.436220472440945
6.237717908082409
6.320197044334975
6.348982785602504
6.2161716171617165
6.377586206896551
6.412859560067682
5.97027972027972
6.255627009646302
6.0477031802120145
6.208809135399674
6.051805337519623
5.972222222222222
6.036082474226804
6.267886855241264
6.047058823529412
6.055363321799308
6.077669902912621
6.127334465195246
6.336860670194003
6.333333333333333
6.240677966101695
6.266441821247892
5.944642857142857
6.039933444259567
6.196610169491525
6.357504215851602
6.215070643642072
6.284033613445378
6.219966159052453
6.238325281803543
6.077544426494346
6.041935483870968
5.939024390243903
6.294627383015598
6.257785467128028
6.125
6.089256198347107
6.251572327044025
6.180242634315425
6.017064846416382
6.283891547049442
6.167785234899329
6.2319078947368425
6.0642504118616145
6.431740614334471
6.478476821192053
6.865414710485133
6.691842900302115
6.394648829431438
6.073170731707317
6.485342019543974
6.191986644407345
6.314935064935065
6.133561643835616
6.261780104712042
6.233009708737864
6.281098546042003
6.51937984496124
5.623239436619718
6.163410301953819
6.391785150078989
5.899130434782609
6.018549747048904
6.25
6.2556521739130435
6.157718120805369
6.340255591054313
6.36741214057508
6.093425605536332
6.450946643717728
6.179755671902269
6.15817223198594
6.476744186046512
6.111876075731497
6.3462157809983895
6.296416938110749
6.2913117546848385
6.399038461538462
6.319256756756757
6.351791530944626
6.0625
6.324367088607595
6.356775300171527
6.088467614533966
5.765217391304348
6.273333333333333
6.135802469135802
6.4368
6.11734693877551
6.374592833876221
6.046232876712328
6.016339869281046
6.292117465224111
6.539452495974235
6.1986417657045845
5.996710526315789
5.9911032028469755
6.252577319587629
6.524671052631579
6.331831831831832
6.21958925750395
6.3122977346278315
6.555740432612313
6.318815331010453
6.364912280701755
6.2630662020905925
6.275167785234899
6.264462809917355
5.930357142857143
6.378194207836456
6.266429840142096
6.172529313232831
6.463295269168026
6.036243822075782
6.29064039408867
6.555016181229774
6.078048780487805
6.2020547945205475
6.157453936348409
6.38375796178344
5.92057761732852
6.122186495176849
6.049657534246576
6.157723577235773
6.1411359724612735
6.4003189792663475
6.210264900662252
6.516129032258065
6.214408233276158
6.2675585284280935
6.193333333333333
6.387755102040816
6.14026402640264
6.146507666098808
6.356677524429967
6.200342465753424
6.422580645161291
6.407986111111111
6.1653666146645865
6.564263322884012
6.280612244897959
6.266666666666667
6.355108877721943
6.708260105448154
6.369205298013245
6.2109375
6.360601001669449
6.15
6.517064846416382
6.248780487804878
6.304273504273504
6.0432525951557095
6.108108108108108
6.193069306930693
6.553054662379421
6.334967320261438
6.211920529801325
6.219063545150502
6.160558464223386
6.214765100671141
5.974226804123711
6.292207792207792
6.419773095623987
6.307438016528925
6.065719360568384
6.037865748709122
6.175972927241963
6.183574879227053
6.2304
6.244519392917369
6.310580204778157
5.996153846153846
6.089403973509934
6.445482866043614
6.147249190938512
6.222585924713584
5.902439024390244
6.446366782006921
6.0456852791878175
6.340531561461794
6.523961661341853
6.177504393673111
6.367972742759796
6.248333333333333
6.231147540983606
6.522151898734177
6.2756849315068495
6.265651438240271
6.236234458259325
6.356550580431177
6.391822827938671
6.259016393442623
6.4500818330605565
6.347315436241611
5.937142857142857
6.589506172839506
6.520504731861199
6.091973244147157
6.172859450726979
6.193708609271523
6.23321554770318
6.153364632237872
6.159349593495935
6.336092715231788
6.150635208711433
6.5
6.147887323943662
6.015789473684211
6.2374350086655115
6.275213675213675
6.056951423785595
6.060034305317324
5.683134582623509
6.430441898527005
5.88909426987061
5.826855123674911
6.192708333333333
6.245222929936306
6.133448873483536
6.078098471986418
6.165820642978003
6.1976744186046515
6.0642504118616145
6.2551181102362206
6.243567753001715
6.003284072249589
6.254486133768352
6.32737030411449
6.334951456310679
6.370617696160267
6.222961730449251
6.260135135135135
6.352253756260434
6.0563847429519075
6.514331210191083
6.2491289198606275
6.312829525483304
6.164021164021164
6.373182552504039
6.224919093851133
6.523102310231023
6.376884422110553
6.311349693251533
6.226171243941842
6.533751962323391
6.067736185383244
6.254125412541254
6.215460526315789
6.184254606365159
6.11400651465798
6.0688524590163935
6.408304498269896
6.427843803056027
6.20450885668277
6.495682210708117
6.441707717569787
6.294022617124394
6.2810047095761385
6.231147540983606
6.31150159744409
5.830388692579505
6.270450751252087
6.109965635738831
5.943060498220641
6.182266009852217
6.2912457912457915
5.930795847750865
6.012841091492777
6.2158516020236085
6.045150501672241
6.091228070175439
6.160919540229885
6.2823529411764705
6.298013245033113
6.075885328836425
5.956672443674177
6.357262103505843
6.093220338983051
6.297697368421052
6.409917355371901
6.4088669950738915
6.133333333333334
5.903225806451613
6.323529411764706
6.2954159592529715
6.27841845140033
6.372131147540983
6.022648083623693
5.950963222416813
5.9709897610921505
6.2248722316865415
6.51869918699187
6.034904013961605
6.351443123938879
6.207606973058637
6.264309764309765
6.127483443708609
6.371527777777778
6.171900826446281
6.3267651888341545
6.359621451104101
6.258278145695364
6.054249547920434
6.045614035087719
6.302013422818792
5.946166394779771
6.062283737024221
6.428063943161634
6.125412541254126
6.410339256865913
6.373913043478261
6.306506849315069
6.26038338658147
6.501623376623376
6.222222222222222
6.382450331125828
6.326158940397351
6.218965517241379
6.3311688311688314
6.110356536502547
6.356550580431177
6.080204778156997
6.255700325732899
6.282392026578073
6.186411149825784
6.12
6.230902777777778
6.195615514333896
6.166666666666667
6.667763157894737
6.527004909983633
6.229617304492512
6.402936378466558
6.266339869281046
6.280327868852459
6.427035330261137
6.136054421768708
6.543089430894309
5.887298747763864
6.178688524590164
5.906821963394343
5.839041095890411
6.264559068219634
6.324652777777778
6.286184210526316
6.081037277147487
6.125984251968504
6.0588235294117645
6.239024390243903
6.319805194805195
6.103109656301146
6.373970345963756
6.332792207792208
6.1393034825870645
5.988333333333333
6.352745424292845
6.1827242524916945
6.351882160392798
6.110743801652893
6.281456953642384
6.191452991452992
6.079584775086505
6.028380634390651
6.197712418300654
6.476666666666667
6.35823429541596
6.43317230273752
6.289689034369886
6.165
6.220168067226891
5.992970123022847
6.422697368421052
6.5024390243902435
6.260204081632653
6.1692307692307695
6.292845257903494
6.0
6.276898734177215
5.9689119170984455
6.162162162162162
6.353135313531353
6.158154859967051
6.325878594249201
5.938943894389439
6.328859060402684
6.522388059701493
6.046632124352332
6.216494845360825
6.113300492610837
6.2140522875816995
6.234505862646566
6.196046128500824
6.261489698890649
6.404513888888889
6.346689895470384
6.1459369817578775
6.299173553719008
5.939899833055092
6.344594594594595
6.236974789915966
6.371980676328502
5.954782608695652
6.170144462279294
6.0602605863192185
6.160975609756098
6.422442244224422
6.152845528455285
5.991071428571429
6.3671328671328675
6.333333333333333
6.0
6.23407917383821
6.5504
6.476575121163166
6.213559322033898
6.546979865771812
6.199300699300699
6.269949066213922
6.18494271685761
6.196875
6.492586490939044
6.225328947368421
6.270606531881804
6.434710743801653
5.889845094664372
6.064676616915423
6.27209705372617
6.123893805309734
6.071917808219178
6.516181229773463
6.073943661971831
6.325301204819277
6.013722126929674
6.417322834645669
6.2596491228070175
6.166666666666667
6.2419080068143105
6.160344827586207
5.906028368794326
6.092281879194631
6.254125412541254
6.477049180327869
6.311148086522462
6.254966887417218
6.17741935483871
6.243243243243243
6.466329966329966
6.3126050420168065
6.219798657718121
6.180412371134021
6.346026490066225
6.388254486133769
5.935314685314685
6.147157190635451
6.343648208469055
6.373707533234859
6.226190476190476
6.438709677419355
6.278810408921933
6.408064516129032
6.358642972536349
6.174629324546952
6.078571428571428
6.400343642611684
6.078431372549019
6.184818481848184
6.399361022364217
6.129568106312292
6.3927986906710315
6.131147540983607
6.125423728813559
6.379598662207358
6.227739726027397
6.199655765920826
6.003430531732419
6.195246179966044
6.207836456558773
6.360714285714286
6.176661264181523
6.2508038585209
6.336025848142165
6.412724306688418
6.101666666666667
6.269097222222222
6.1433333333333335
6.0326460481099655
5.946917808219178
6.16994633273703
6.429765886287625
6.198581560283688
6.285714285714286
5.984429065743945
6.18688524590164
6.397941680960549
6.15944540727903
6.131707317073171
6.117741935483871
6.159649122807018
6.214041095890411
6.316949152542373
6.2259696458684655
6.409090909090909
5.758445945945946
6.199346405228758
6.404724409448819
6.264855687606112
6.268533772652389
6.274576271186441
6.290791599353796
6.19104991394148
5.983079526226734
6.1466666666666665
6.279146141215107
6.340604026845638
6.109712230215828
6.255972696245734
6.449848024316109
6.1689419795221845
6.298076923076923
6.497592295345104
6.339403973509934
6.018242122719735
6.144385026737968
6.082214765100671
6.35304054054054
6.1783960720130935
6.2200647249190935
6.269230769230769
6.461658841940532
6.420454545454546
6.2243150684931505
6.412238325281804
6.29695885509839
6.345911949685535
6.310344827586207
6.318815331010453
6.31433506044905
6.479406919275124
6.328097731239093
6.262820512820513
6.320197044334975
6.006825938566553
6.2325174825174825
6.127659574468085
6.808868501529052
6.6347962382445145
6.192125984251969
6.430232558139535
6.431899641577061
6.372990353697749
6.3485617597292725
6.172357723577235
6.208828522920204
6.208695652173913
6.161716171617162
6.243421052631579
6.380872483221476
6.271812080536913
6.456953642384106
6.234548335974644
6.274247491638796
6.4185303514377
6.486042692939245
6.19
6.320137693631669
6.025597269624574
6.292358803986711
6.295379537953796
6.190635451505017
6.305602716468591
6.4769736842105265
6.275862068965517
6.402618657937807
5.90625
6.4
6.198988195615514