
203.0
214.0
224.0
253.0
179.0
195.0
178.0
189.0
207.0
187.0
179.0
177.0
209.0
222.0
240.0
220.0
220.0
187.0
204.0
136.0
179.0
149.0
157.0
224.0
168.0
221.0
153.0
169.0
131.0
180.0
170.0
196.0
158.0
176.0
172.0
123.0
205.0
181.0
194.0
182.0
145.0
191.0
164.0
158.0
165.0
210.0
221.0
193.0
151.0
178.0
169.0
166.0
176.0
156.0
136.0
161.0
131.0
123.0
152.0
177.0
137.0
127.0
157.0
140.0
161.0
127.0
151.0
159.0
112.0
114.0
141.0
109.0
149.0
126.0
96.0
137.0
125.0
125.0
136.0
137.0
109.0
144.0
109.0
125.0
109.0
115.0
105.0
102.0
135.0
116.0
136.0
153.0
117.0
90.0
143.0
119.0
119.0
134.0
101.0
91.0
122.0
116.0
93.0
108.0
83.0
116.0
99.0
83.0
107.0
100.0
85.0
95.0
113.0
95.0
90.0
103.0
124.0
102.0
79.0
74.0
115.0
92.0
112.0
89.0
112.0
133.0
106.0
78.0
107.0
83.0
65.0
79.0
79.0
74.0
90.0
89.0
100.0
53.0
85.0
95.0
57.0
88.0
88.0
54.0
82.0
65.0
63.0
68.0
90.0
94.0
109.0
91.0
83.0
63.0
69.0
96.0
82.0
88.0
117.0
92.0
86.0
74.0
108.0
68.0
91.0
95.0
68.0
91.0
72.0
105.0
90.0
109.0
96.0
109.0
88.0
73.0
86.0
90.0
78.0
93.0
80.0
77.0
71.0
61.0
79.0
82.0
86.0
82.0
100.0
103.0
79.0
92.0
87.0
92.0
68.0
91.0
98.0
113.0
82.0
96.0
58.0
67.0
70.0
83.0
91.0
63.0
67.0
69.0
66.0
83.0
57.0
74.0
79.0
91.0
80.0
63.0
73.0
90.0
72.0
84.0
97.0
70.0
88.0
83.0
86.0
80.0
83.0
65.0
93.0
83.0
94.0
88.0
86.0
78.0
84.0
96.0
73.0
75.0
81.0
85.0
77.0
62.0
79.0
74.0
81.0
71.0
85.0
74.0
86.0
73.0
83.0
77.0
85.0
87.0
50.0
84.0
61.0
92.0
70.0
114.0
69.0
79.0
86.0
82.0
117.0
110.0
76.0
112.0
93.0
89.0
75.0
90.0
79.0
91.0
71.0
84.0
80.0
80.0
77.0
50.0
70.0
90.0
69.0
76.0
76.0
75.0
65.0
117.0
72.0
59.0
83.0
87.0
73.0
82.0
67.0
84.0
109.0
80.0
72.0
72.0
98.0
66.0
109.0
119.0
79.0
99.0
85.0
94.0
70.0
64.0
85.0
101.0
114.0
105.0
74.0
79.0
85.0
57.0
70.0
107.0
83.0
73.0
81.0
97.0
69.0
71.0
46.0
99.0
83.0
72.0
93.0
49.0
72.0
71.0
81.0
80.0
79.0
75.0
77.0
69.0
98.0
105.0
74.0
73.0
79.0
99.0
83.0
73.0
68.0
84.0
70.0
63.0
81.0
81.0
74.0
80.0
72.0
66.0
81.0
92.0
107.0
94.0
85.0
77.0
71.0
76.0
83.0
83.0
121.0
78.0
99.0
88.0
74.0
103.0
86.0
63.0
100.0
84.0
71.0
73.0
86.0
77.0
93.0
111.0
100.0
116.0
83.0
83.0
104.0
69.0
85.0
77.0
89.0
66.0
86.0
87.0
82.0
76.0
96.0
89.0
90.0
85.0
87.0
100.0
99.0
95.0
75.0
101.0
83.0
77.0
65.0
74.0
47.0
98.0
86.0
77.0
75.0
73.0
86.0
80.0
83.0
63.0
111.0
92.0
84.0
85.0
99.0
75.0
98.0
91.0
60.0
83.0
62.0
76.0
82.0
83.0
62.0
74.0
69.0
55.0
72.0
71.0
77.0
76.0
88.0
97.0
62.0
74.0
91.0
87.0
92.0
80.0
81.0
91.0
75.0
75.0
65.0
88.0
72.0
72.0
66.0
100.0
69.0
67.0
96.0
76.0
75.0
74.0
88.0
97.0
147.0
125.0
81.0
84.0
100.0
88.0
102.0
72.0
75.0
86.0
83.0
107.0
52.0
64.0
89.0
61.0
57.0
97.0
74.0
84.0
96.0
104.0
73.0
87.0
64.0
66.0
92.0
79.0
104.0
85.0
81.0
81.0
82.0
87.0
73.0
91.0
83.0
84.0
67.0
69.0
83.0
85.0
70.0
94.0
67.0
70.0
84.0
95.0
75.0
81.0
63.0
76.0
99.0
84.0
92.0
88.0
104.0
91.0
92.0
72.0
65.0
67.0
64.0
94.0
71.0
73.0
95.0
72.0
91.0
119.0
79.0
75.0
75.0
91.0
52.0
66.0
69.0
66.0
71.0
87.0
72.0
82.0
80.0
81.0
69.0
72.0
68.0
75.0
89.0
61.0
90.0
90.0
89.0
97.0
83.0
88.0
89.0
100.0
89.0
90.0
91.0
75.0
96.0
81.0
74.0
75.0
77.0
87.0
104.0
93.0
75.0
79.0
77.0
68.0
65.0
86.0
90.0
94.0
68.0
61.0
73.0
82.0
84.0
81.0
70.0
53.0
69.0
104.0
96.0
97.0
60.0
73.0
65.0
83.0
105.0
77.0
83.0
79.0
83.0
102.0
81.0
70.0
60.0
71.0
85.0
78.0
103.0
91.0
53.0
111.0
102.0
64.0
75.0
75.0
57.0
78.0
89.0
96.0
77.0
103.0
60.0
69.0
81.0
79.0
77.0
62.0
54.0
87.0
73.0
53.0
68.0
77.0
62.0
54.0
53.0
59.0
69.0
84.0
74.0
65.0
79.0
78.0
85.0
95.0
72.0
87.0
104.0
69.0
82.0
66.0
90.0
62.0
83.0
79.0
96.0
70.0
90.0
74.0
95.0
57.0
68.0
78.0
60.0
78.0
79.0
99.0
100.0
85.0
86.0
92.0
78.0
78.0
77.0
96.0
55.0
80.0
75.0
59.0
77.0
87.0
71.0
73.0
67.0
68.0
55.0
91.0
69.0
90.0
79.0
62.0
84.0
62.0
69.0
104.0
78.0
83.0
50.0
72.0
82.0
76.0
88.0
62.0
61.0
69.0
76.0
95.0
67.0
95.0
79.0
96.0
64.0
80.0
82.0
95.0
95.0
77.0
66.0
58.0
91.0
54.0
69.0
83.0
72.0
80.0
89.0
91.0
80.0
94.0
81.0
87.0
95.0
75.0
81.0
62.0
78.0
56.0
85.0
78.0
63.0
70.0
65.0
69.0
72.0
94.0
83.0
79.0
83.0
85.0
74.0
106.0
81.0
116.0
59.0
80.0
61.0
49.0
82.0
80.0
98.0
61.0
77.0
70.0
95.0
80.0
73.0
85.0
77.0
74.0
61.0
81.0
76.0
97.0
75.0
73.0
71.0
67.0
72.0
79.0
92.0
93.0
77.0
77.0
73.0
72.0
59.0
100.0
110.0
92.0
70.0
62.0
56.0
89.0
53.0
61.0
88.0
78.0
91.0
51.0
86.0
100.0
74.0
87.0
73.0
65.0
79.0
87.0
96.0
75.0
87.0
78.0
101.0
69.0
64.0
68.0
78.0
56.0
79.0
67.0
72.0
84.0
59.0
66.0
71.0
88.0
63.0
83.0
93.0
99.0
88.0
97.0
79.0
77.0
84.0
67.0
85.0
88.0
96.0
90.0
61.0
77.0
79.0
78.0
68.0
88.0
68.0
87.0
73.0
81.0
66.0
81.0
86.0
59.0
55.0
73.0
87.0
104.0
95.0
79.0
83.0
67.0
93.0
81.0
80.0
69.0
113.0
85.0
61.0
73.0
92.0
84.0
76.0
94.0
66.0
99.0
90.0
74.0
66.0
103.0
82.0
72.0
80.0
76.0
94.0
76.0
62.0
86.0
80.0
59.0
51.0
73.0
69.0
73.0
64.0
74.0
83.0
88.0
61.0
72.0
70.0
57.0
48.0
72.0
88.0
76.0
80.0
51.0
69.0
70.0
76.0
74.0
69.0
87.0
77.0
71.0
65.0
81.0
40.0
69.0
85.0
78.0
85.0
83.0
73.0
65.0
54.0
64.0
65.0
78.0
62.0
69.0
74.0
67.0
82.0
87.0
87.0
50.0
48.0
58.0
82.0
71.0
83.0
83.0
84.0
88.0
72.0
93.0
66.0
81.0
80.0
72.0
80.0
86.0
85.0
92.0
83.0
62.0
62.0
62.0
125.0
127.0
92.0
78.0
76.0
89.0
81.0
63.0
60.0
65.0
72.0
76.0
67.0
71.0
88.0
73.0
73.0
101.0
72.0
65.0
81.0
62.0
82.0
79.0
80.0
83.0
95.0
74.0
73.0
51.0
83.0
85.0