
434.16880235208
427.61527494452173
411.4286746140322
431.6996422744659
396.68417527530556
385.92679087661327
398.94431721106605
409.6223335787983
410.41882350502374
395.31194717291777
413.3687554851741
432.0709376772455
440.47390343559454
410.47749806884775
387.63150892755226
447.3802145006986
409.0039088344278
422.88999740666543
397.6315817445801
445.7592294905461
387.67997874504493
440.03695036025493
409.64478775411874
411.0253509430375
410.49171387296275
420.2254942675847
416.15278523421256
402.2702061298159
415.74652146211247
413.1000984549825
410.986731786568
432.591981179708
389.5232299139012
418.32533991730577
422.45862862888134
414.7219949348322
384.4147706767723
414.8802184955477
434.2255122277123
421.9392389388565
425.8873417167044
422.0839873855431
442.9753820345607
408.1068285568482
384.8941482615104
431.4802536310759
423.21057207046795
412.44540965722643
425.06302054577066
424.54341575505316
447.47463525852737
427.58994498369367
413.7508123677908
399.0809068980793
400.3183792295752
421.3881860543446
425.136381034444
410.8710057339593
421.32499758266357
416.57557633391013
419.42742602595365
426.46220598393154
408.7764083475886
414.7566241843768
420.62242669432106
411.87404852112303
391.20878607189513
410.86472966066503
416.6674301598882
384.62205961405175
427.1108484322268
435.9862143072029
373.5394890254162
407.2148226837403
368.1246572520741
445.7413891650423
383.17597384495593
421.47934266635195
387.40806533743506
437.8511099425908
399.9456351962718
434.87489592692566
386.48888654619725
419.9261069116622
423.3459068388423
400.00705666782164
373.4069704535062
370.14639903152903
414.57239271406087
430.5175573607921
390.24925150127285
420.98159688415683
384.7078568381609
406.95402653282775
410.8299031744993
398.2598540155119
387.04125994074076
432.1255040036937
397.92084335765014
373.5693814595188
411.672455319754
389.4618941812471
389.35698145528556
388.14395750493253
379.40711895601214
392.4884078436263
388.8108605637974
360.9425652559505
372.9541292416693
414.0602272555184
423.63046775360124
394.4849917889659
379.87570067673903
370.9796747953085
380.2970133147159
391.61996305881047
372.88918530048215
413.13175591627913
376.3241249565521
379.0711645592788
380.8401547341312
367.15303894227725
408.8568266948049
395.4609079639285
390.6527897139264
401.5598260473718
402.71381067288405
366.4443349331583
366.29843776898144
351.96245682693143
359.8396522447316
391.23091517823747
354.2346520277217
367.28465925351503
396.12834785313095
386.58916007852116
392.94048604566257
335.4531809087173
370.8127766200146
355.3686050347141
350.3312745439896
363.9899596898246
355.6487254893178
367.2521060163139
324.8549281342533
325.93822159008175
337.73458410473347
355.4701986861443
351.1875770331169
365.02670838559396
422.79444833185863
344.6703447309481
340.47141732470493
328.912580505891
362.2460955741174
400.46728418848016
346.80546049417455
332.97157806260213
357.8475752369216
366.67199888440916
345.88851481346666
396.6129378070472
351.4894280231172
345.15372622467845
387.69043321032484
344.4828699731277
363.61941775482285
355.9455616943759
367.0638586776986
345.8300659278567
341.92483614189547
332.60187112258495
336.98050850351945
360.28046225178315
348.57850874455164
343.3985223947394
353.31847853134815
335.16843730090835
346.1429684090801
353.6329189294755
372.07176334498206
351.1934748782638
306.2851053886246
346.1110536985925
382.12266822570973
385.0219746225241
325.74265927596247
343.36540395022934
336.54591179343686
338.89751429719007
355.0154849855676
329.3668269006087
352.5090646968776
350.02324778778615
319.50807241367426
353.18317408236925
393.68253453736577
348.0182371773797
346.8695653135234
351.2026200068314
337.14468975425166
374.9350170275518
379.8047793115001
321.0925975089025
332.6135722926331
351.31635805338783
344.7850070778901
381.6300264069592
347.08772359832835
331.74600855932397
316.3206540390814
354.06270211308214
371.1485441553894
361.00442816715724
337.73643116584674
342.2115060808662
358.846054556671
339.832551827742
344.6920076637326
338.5843482787915
352.29701418049314
325.7154230117791
305.09324169679735
335.8853665763052
317.26520655879403
374.80811570541465
361.3391355360292
333.24770629127886
362.1874941072599
319.6843160125347
339.8230868067721
351.5147825075266
359.7484516194146
361.6902678545615
345.6093625598799
359.2416443586385
324.818587290904
354.5995575461257
312.89160756301465
350.5778246470344
331.9644419397281
329.0735915813247
310.27745234453624
319.9767355934792
325.2919179469135
333.9610094582159
320.94908372340626
310.18389582042397
328.0943514874903
307.37361448698
360.6270574512665
305.4100245133808
308.65417826914637
323.6239422492273
310.9301242187032
355.3971135549576
281.64759371045295
322.05714037838743
315.44193554037497
342.1897394760409
343.02161932686903
305.18966485618455
341.15074234803467
320.745336277392
332.31970309940095
299.283780501718
317.4349424565058
316.1890801702667
350.7103552136784
303.74329091589937
320.62150586834554
321.65678033116217
324.02857008552945
346.59867354019616
320.05622322507224
311.3680815416298
312.64451331441586
341.212688076396
311.46005337331593
332.45719111587454
297.40974630782347
326.276551685659
283.2625925138225
323.2552712723136
321.3143756982401
338.32281640315404
319.61397536355906
335.49635774226374
351.71398280124015
298.93564857035733
301.79097676474163
329.533829088532
277.3686228648782
281.2585020466196
313.20736994696784
307.5822549635823
318.5378918404292
346.36811631181433
309.7687215100858
314.676448319292
352.2539397352287
321.9801343499988
329.60467914397816
301.0286338583798
303.931071080492
321.0601207479772
339.9853230616509
334.06104215411335
351.45528875157277
313.41918644852933
316.3999272146761
298.8265877069845
322.6568596281817
325.47391466027915
268.81461741665464
289.4031872486747
286.9288536278468
296.8640356168182
289.5625893167903
315.0583796353195
296.90348662834765
318.35171703294486
333.47757253641805
324.110137264379
301.81851081522484
294.2184903300281
296.51942882444166
322.2132564901084
303.0349099568051
317.77008427080966
309.36346834205585
302.9475918779627
302.5113267835032
318.4233549123102
277.6228734624272
313.1683336730306
314.01805170431277
306.67992257344696
317.5846744808146
294.44171489614985
264.53641674193955
268.6845412177924
291.3333280341625
288.9600608382916
270.54693766958246
284.284059581276
288.23588765285916
296.3383672475258
292.4585951576422
329.0857039351168
290.83138584371443
283.97594472739405
303.68221339804523
308.1727970286704
291.8813816506124
314.5008246818312
294.30346641152335
317.2514628799929
289.30686441569173
266.41013728231576
317.45937161456885
280.76162297448263
281.2938258700784
314.7952691192612
285.69272653051075
270.5572292940681
281.8029464072132
307.18382286298083
308.518724231054
297.35933480704153
321.55440513792047
301.6576858514119
297.3022006117727
279.4023881030639
321.1627593846078
306.9583357125628
304.7515454294691
303.05652190309524
273.37187378860665
304.0104861571044
314.91730860062205
300.36507865148445
294.3138203484198
301.23496950086934
280.41276403676613
263.26245235221825
276.3910475909277
274.8188113638381
291.2621866787645
252.3668254895917
287.5689077512917
296.7264230684733
269.40882186191084
287.69839126000045
293.41596234583955
285.1689841427661
302.9511143576799
284.3972086590439
324.8066869246601
286.2269498762988
293.41615696600473
284.60799347834336
303.4331169874232
275.0632804068367
284.16918848528127
308.8108512104216
293.92194756267884
293.2719293712257
315.26537967265523
289.3600350531782
267.9979275569943
320.5981685543517
280.4947878642767
303.15253760176677
295.5037886432216
281.50573825858766
270.0539702011923
284.3695402919508
278.111210597453
279.28605507185796
274.18437773329003
258.0316354447072
278.73799940644346
311.7827661217338
294.66839511608316
293.0170923771258
288.52568261286035
305.9580206731243
253.78042043605268
275.81865741883246
268.584240261477
287.5411994459969
279.42048630619564
301.67201485455826
293.62676346971074
254.69246710208145
262.6522974782595
304.20067769288147
289.3105255879431
299.8002324657999
293.57797561827897
272.67007993938466
272.63905399393593
289.10254159741146
269.00269168950507
267.6198556940934
264.03992304877124
280.9524529389696
255.11175405529752
268.73127016940373
295.65711984128853
314.2992799637482
290.86700019160986
300.77010814873427
276.75559815434883
279.3085940630539
273.39723921867744
260.5162732998804
271.36455090497304
263.7899694082501
277.98326360801076
289.21340103026535
263.85301012137734
272.0599930382622
292.5401074629886
282.30380441051796
279.1931322163381
300.2622339381479
250.24808592564037
289.52671350528846
284.87433077159596
306.04950535134554
273.4297854370298
265.8083114068858
281.11136101898757
293.1384976187562
282.61642563564635
277.15764126197615
265.543752752763
302.8163155949745
286.66872051761817
310.28869175166795
254.41705008689706
267.6916679459018
303.4323265571885
277.11784111467404
305.35526769973126
308.6676015304194
266.82099131419494
269.5128022608886
287.3346075562599
272.64256260626297
263.6745258048496
281.5502655087004
271.4156557256531
263.5500318770508
283.29230243546647
249.95532361192053
283.9508819532758
278.5805125210114
282.37963349402406
288.1882903705657
268.71205357656675
279.9269613398272
266.2928158816174
307.6671864980275
277.44972355864365
297.3582925939234
269.6375643781753
304.04017617334824
257.27632119203406
304.0069166216766
283.6543288116758
305.23144039607774
268.15292684817206
302.8872045927469
301.79742808952517
296.8894623668412
295.211753289096
270.17778848358506
266.5777124349296
277.5711814146985
281.94563909623855
337.3394216927801
294.5807805427585
284.8512976025389
269.12825784289515
256.18828766519783
258.8435863949428
250.73561938455214
303.7130673282656
290.3113157991177
260.8962882663111
263.4658437769826
264.98180680487513
282.49249260572765
274.68193577971283
275.94192291327306
279.5197357347305
292.908699608544
295.9029260278339
289.007356752755
267.4335188744714
290.1508329681489
259.00029474086625
303.13898955139814
272.27274638237964
288.0438898436129
269.6352676744418
279.9022569995346
283.9638012581108
281.3634367946117
267.64120922370495
277.907971312038
278.75204302823886
292.73337264071716
293.22498915987387
280.2526268239856
305.7420958581143
289.9031002596515
299.31166864087584
263.1946847475941
294.1659888220368
312.1281223507041
263.82253056075706
273.5620357191615
280.02771991577384
271.57930010596385
290.0964844479068
304.51582180470507
277.39713134118574
252.13729836076408
276.22514531831604
297.19141824736874
293.8976818111598
270.6986941150245
279.70431528921057
281.68675137380507
308.8185943293382
298.8648387571799
295.01548962138475
280.90083633826487
279.59829558099574
291.0476520510673
285.0452670398191
300.4947226784947
278.21021470613283
285.12685925547987
256.2144988002879
285.6689431850224
280.782535657116
287.23810652881673
291.0637138557113
267.39584245033274
284.068126728204
234.15674229658248
288.90771705304576
298.14983074726746
280.43186856268665
288.66647076001743
298.4034379562672
263.9782993180447
280.93405283813263
264.6382261754488
294.80374527023986
260.23772247055143
285.47985384387033
286.9239442432416
295.0662111362418
293.69072110505255
267.79264358277806
283.1332280888451
269.3871541700564
283.2747144678818
267.9466387082116
292.49712869354
286.04289738977707
271.5552638676892
279.2869930950196
311.76860324713584
320.47660573883905
292.57618615820746
315.1312031762267
292.99849522856636
272.02559315818434
290.28408244882695
301.09826988781896
289.90725843391886
257.05706213384457
285.13474163547755
268.67568006698065
271.7036473628506
268.6364537364464
286.385929821524
288.91543393361064
287.1269171819973
279.0939641381212
290.4501772802638
241.71120759073793
269.50999930428924
266.7608103997549
304.788550963679
267.1493295789594
302.52617317882954
292.0069223785477
292.84136821795505
280.8474430434505
319.89895140106415
277.9919758460846
294.6599157903025
296.6024843568513
242.3395147669675
290.73511767609915
280.0523670743017
298.90928547582433
264.33087637129336
276.442667809227
297.9074494881903
319.9828615856751
266.5880163868263
255.00379381733904
268.03200079242254
298.9613820912846
285.98406024683504
309.7551543749101
308.1137446075421
317.08103413557785
305.6841974932427
321.0693208267811
257.72451916272655
303.88032269721504
303.37929960942347
309.3339470926293
304.73234981099137
277.4057646909924
240.2670509258434
250.1130797732002
285.9488963122731
272.2299897513598
288.48398245133643
305.9894493454891
304.59755299804766
294.9883435956855
305.74435694829504
270.23106455657796
285.2247704869868
265.14895997593305
272.964635057321
293.7847880804988
295.1638830438145
268.5229984040659
308.7187266174493
298.22008343614215
295.6741165798943
264.83932981592864
281.6688185338547
298.05528279065163
300.12762016311865
285.85442361165053
296.13285098654353
294.26395165869945
294.5879864538643
322.0822854001941
279.7977331446924
295.1329353444824
270.26207528600673
325.0035473959203
269.37380705974846
291.28614052219825
300.0399721578507
299.59963538800855
282.45570365122444
274.4900425212425
262.38640180230175
282.24844533144807
291.6957989854626
236.08140095229572
262.46562285165294
287.5498184686363
264.24940779591554
279.60464325821556
267.4899920985953
298.5843030058851
280.05136843351914
294.0137761738839
298.32052075705496
256.28805672380633
255.93566858590697
286.2511431471265
299.38861668681386
274.0847930879378
257.50661261715516
281.838153217891
306.4375202040545
255.4913964899074
255.74755159344267
292.22531710533974
287.41485346924895
280.1301263897264
282.68058744959546
285.87426143951865
264.6525605261265
288.33408366503556
292.3951869147774
300.43373382821164
284.8868615606417
305.79948982947997
293.85946000777886
268.01118815041775
290.3117681974733
284.2122769466979
305.7383027716735
305.7884326977235
273.03180106948986
296.62107598172673
280.9375900043118
300.248803888794
295.291024407194
299.2924381355144
316.74901753140676
281.4036011877656
275.1831374538202
249.84142795708917
305.34530478139504
283.6691938629266
276.9487657979823
289.54118587208393
254.72823419462446
282.81193249797656
314.7785473835702
322.9296077070916
280.76791834406066
289.552994307649
309.7401159924595
278.1854637534073
283.5363568382339
299.64754446087704
292.14674456297394
301.8479362423633
288.53884158096366
285.453754111414
277.8610399447721
280.11873274285426
302.08053713411925
274.8857038139416
268.8694343711952
267.1709064726977
301.9864611992049
276.12475041620104
266.7306173343194
298.9282237348567
301.39077782406207
282.4733028595234
277.38943609946887
249.10416868952188
280.1575210816893
257.37870127797385
287.83664830770715
276.6465997556073
302.8361191690812
314.7609063770443
317.1829572410203
281.9091751838409
283.0533940593331
263.83998658984575
297.458866031551
296.08762095023445
294.69489592714945
277.1531223801668
252.7791618786896
263.23665091976676
279.87995895578746
277.768923918895
286.17420514323373
276.23713817337966
272.9725300685056
284.03325194545647
251.63341747886358
264.5739072249254
302.05229802807355
281.1047445329365
298.0421847883184
306.96677855494374
292.50335849637446
313.88543284749085
290.9152663991382
300.09743394983536
304.8174130021806
304.3241904063831
297.67111570747954
312.3589909362152
272.99791417972295
272.8862950275601
309.82155736968764
273.45653154833275
279.66010350050885
298.4932624948794
290.83513828709795
265.1606119161796
263.5041434309903
256.51901839731
284.11515082028325
284.73206808301063
305.5200601686498
297.5196070093987
275.8258532543848
296.86070379391816
297.97390145252353
256.6985263432116
299.6844688773616
265.76705946381134
262.84945071571013
274.976326307423
304.82380164016797
262.51542840899293
270.4372020128718
269.15939722441584
329.26659986365723
275.6525541086693
272.0872019208898
266.23562694459315
284.6461521746206
270.35370191556115
275.2035102624596
271.88448058776305
261.18136451729526
267.87574821948414
292.5479781822238
302.96611543423035
284.9019209310153
277.2318657516882
279.58674013217603
291.1677313248626
270.32550313389794
272.34230598881635
296.09043856257637
272.1471118673754
294.80040189689237
275.796790124638
341.6640142177468
260.5766410814258
295.30587574842764
242.89910099341606
278.6845809402118
292.5751318300015
275.2227919116166
252.76459412308373
259.2144807938716
273.51012214886185
299.09820503361397
321.8460821743862
272.5430228860563
297.0711853153796
295.2640951543285
291.2514982013378
283.9401502567795
274.9141794790681
277.61977602828995
278.33204860117297
279.4217464765226
290.42260967729266
272.2817893849152
308.56491623981276
297.9221753559986
306.32132047892793
298.8255783774556
292.6027722473347
258.8884924713153
291.1012943765486
276.9859560650108
277.625094291577
260.7699047672706
274.7711197245305
241.24297691045945
316.610913258417
285.34587459129364
306.94676922059125
268.1623220474476
263.5530540475264
291.3170912238544
283.06261625458035
250.53265470208234
273.09993961157556
275.59831511407117
288.0102408439995
295.91198339404815
289.4554858847785
283.13036091607785
307.85710995579495
271.50843641379873
274.804119551433
272.0518175353435
289.5747139706232
275.55206268135424
273.3900405223726
288.5742581743176
294.7119710247456
274.03868702322615
249.96644799472378
279.12860173780115
320.2581420573122
296.3101759569969
309.8382574711362
298.06554232241274
269.51008515245445
287.17528728316336
270.16148021633114
280.7749219776298
268.23436692385025
288.6981782323081
270.8869682293315
268.832228957132
308.08422363464854
268.0622959290491
272.7314987603336
272.31154746313746
276.4497449099103
322.9003458924973
260.47951543591404
246.35612868105596
261.2420512051864
269.8376108195877
262.11892952471715
290.23939605880634
288.2276195404572
284.0391548066374
287.9912453385898
264.3632546369714
296.30047265111574
278.60460540886237
299.4272622787236
287.1435479605418
259.2467580382652
301.40758594935767
283.84541659784816
311.69464743334345
289.35843787843316
252.02032292691737
292.71371414432207
277.9289396448688
309.10641438921306
287.2230501658031
276.63431010731705
285.98238046067945
282.6700241462004
316.6854580016726
309.2293354378653
291.59312679227634
280.4245090004697
274.4015742309078
264.92499969108627
295.7900319999067
280.2416211885703
261.7757552440444
264.55051151343184
251.6222586412783
287.48218276321523
286.41108278513923
282.80624346881154
255.48073453888128