
399.26688567144083
343.8968778049234
325.94961213210803
307.5283541482789
394.8506664774476
395.3604770321528
384.65112596104444
399.84488975698963
380.98336473002655
394.1771722988114
404.2979320696776
357.77277169952697
355.0988355987615
380.75227691184074
375.28180616172347
354.1585876443084
384.1721302539164
380.79490256740144
377.66873407286573
386.5303628043594
407.7268210424055
417.94841914334785
346.4366601234225
366.31490256639285
409.2502032657669
402.8557606750911
451.6347426181295
399.44649593148216
440.32994375250854
398.44790252956733
408.6601355312976
391.007938632089
462.1330023852379
397.38091348186725
423.2579576574075
433.3762250145161
382.84137702999544
420.7455836894078
409.3207428945649
419.6721534505321
453.9805317004625
425.4138524883125
448.79137178578486
433.55623972872036
440.6717932211048
401.91154890523484
380.1015336502366
397.08604443934576
456.7996096596871
462.9490184024974
458.2641110940579
468.1099544661432
497.723695755887
450.69290217090145
497.5068045627207
484.3016958061988
452.96198277590054
509.07670432338045
488.4132523931629
492.91717942942904
500.48184823430586
465.6054160759078
524.7243557358872
524.963942057467
538.869797572622
502.0066919640882
560.3153017888237
534.6219176359416
535.3302441417106
557.2151609820888
532.7132600520955
530.2536478358692
517.8359058648381
564.595325543097
539.9405893204467
518.2170247266083
522.6507858934935
528.3934507603117
540.2300153159392
492.18340115683503
581.878821155691
560.8038530323436
575.4880023192648
583.8661541574545
586.5735522295461
583.8070138988566
568.3520992510288
603.6460649587865
569.0663312130797
593.4986182128157
539.3862410137397
534.7042190846848
609.0492217302208
639.0135137325004
558.8573958572457
605.3937445246431
586.5981526586668
557.7547510363435
617.9213650759264
614.2303123550764
564.2872692334438
632.1047247605655
624.5305883592674
601.5684820701168
624.6359522335481
555.4684762348099
605.0762480418406
620.919860396609
618.7044120507474
575.9183750170367
602.4708369239347
621.4198581289237
549.9230563300284
600.7681219526445
601.6959568184312
620.1652365717777
588.6427065525227
660.7215616428836
659.5281162930133
624.9615470863139
584.9512468132101
610.6324914471456
614.9527415721433
638.4827011157109
601.0827381832129
641.9307722131019
635.0113274338448
695.3521084161732
621.3205466087086
633.9301677413378
696.1057442777159
630.7403939735448
639.5436944925557
666.5271873390202
637.7919356254004
633.3917315222641
662.8229188147941
682.4883509003698
664.9823511461855
652.2910810156329
637.7240382014502
661.7239399070735
646.0557617655754
702.6404150438493
662.7476211470893
697.828160625819
668.075761736314
648.4495033007172
666.4572987372142
670.6445586982618
631.09149615146
650.9383587163614
635.2892968485421
676.9065452991678
665.7463653816237
659.3373886534047
690.8765941107672
700.4501377180239
659.5089005154475
681.052721104435
643.8363703346679
703.4181915710234
646.0634662571139
658.6658110375683
664.1064711217784
649.0839587266036
610.4887764227254
723.4788939225679
722.6257799090783
695.5302347314218
661.6604122195236
640.7561475886408
630.6102965815159
675.0983423707346
671.0362763428938
698.2864628292083
678.4067062539654
680.3842470721007
713.4614612750107
662.065410259819
699.7129542884679
652.5974598705187
637.3647456652617
711.6840568383933
735.5305584565474
706.734245123701
663.8247673167971
750.089250089273
614.9745473244976
682.4854608457817
716.6106698642882
674.1468413683972
631.2910259500912
689.5519846900917
672.0960083104623
656.4946576584545
666.0742908080078
633.483945194394
672.9111303396119
704.352406193237
708.6737571432909
770.7953331427236
670.1422684816148
690.3653284661866
686.7995634302935
720.627805527146
703.0248429928887
732.1522738571105
704.712153637655
695.7754515262692
705.3405525013096
699.7009249080488
718.5479412861644
682.7716161145142
729.8109331458119
699.5486089799424
742.9304059888957
669.6897736905354
691.045912412905
768.8234952039963
707.2079559613119
675.9197312183387
702.2126907201707
681.7014870894578
662.2074455067939
706.9249654516395
698.309255819331
726.407770771634
719.2583808338129
691.8075271475907
681.7091440612955
644.2463653175487
660.0570328967794
753.9136348239841
698.0287310657191
710.2077720849481
694.8665985820049
735.1594380293355
706.4693085126155
756.8929535994358
683.7022024796694
706.6541443344886
671.174322178909
741.4570317624555
674.3130012325555
719.6396006363661
710.426407113828
727.2899431377803
711.3445920273846
743.9751216578899
703.0142131232461
682.0780757317532
668.7813635135451
679.813297173265
732.7011770234838
720.1698575805921
679.8018822266515
661.4414310253965
674.2314838150289
685.0991579187194
716.6045968663996
724.1072317923771
726.4047650754458
706.7581170853821
698.7824939315931
711.6900573032992
716.0754069680595
656.9998106314358
650.9487483384584
707.5221419932595
714.9137091903381
699.6717874721496
683.5417156153258
720.9633131952058
727.5783390071783
749.9455992737865
718.7519318187282
710.3194388043682
755.8815471604173
747.3873807952843
692.1983511552548
743.0142138311977
724.1170334113156
736.1202814404096
678.3977680587423
731.2224117608778
719.9921643900765
679.784605835159
765.8541570267723
702.7567079153463
693.5849330029058
707.8745092023534
737.8390633637707
684.0750829738465
714.2417037525017
723.6645675860534
670.5994870779751
753.1275648513036
681.7329657050151
742.782316163901
723.0555996621235
757.5226669935012
655.7453676474616
668.0046524802041
733.3352396303128
700.2544804595026
735.4205301689656
731.2605682674277
718.231264135943
730.084005415956
731.0420720574709
728.1026781700854
684.4287089681002
711.6988244863235
732.3545287575118
731.791844623812
740.1864349084317
752.61660473935
715.7780365763778
720.1522041610338
714.3885482379359
771.0778001373844
725.9212031889459
725.2569641082648
689.7346742929274
711.3196945732722
719.2667654638027
734.8498760747925
698.2584391427629
717.7256165718985
689.8931663413647
748.7388840408169
704.9437864843319
784.905878636813
679.693355272197
736.1623496636998
709.4391288127305
756.6038766522876
747.8301722639937
796.8267022528116
696.5269474254798
724.2393041943856
721.9710052461791
736.3625397700913
788.4225317071134
718.8457810145367
744.9434712236695
740.9570164249493
774.7579907939341
778.1841531042345
742.4599280147228
743.5288147198801
699.6836087359351
765.1919309416164
737.2814321658936
764.7751835649873
726.991568252592
826.1310517488071
735.9662042284652
708.5179640905073
755.6162221015768
752.2619932552623
745.7601123886225
748.6056835719314
715.7002007347943
754.5213429988727
735.3370830568589
740.122015365649
706.4574630112563
781.7792585410291
751.5681389134588
715.5468910071023
767.948821394345
731.5566357779666
781.9768682092382
764.4642476445629
744.3789700248257
754.0420433159356
745.8008449492794
741.3386187044667
748.2678644853843
727.0095721350306
708.8623178550645
691.7433801941395
734.4153636036016
717.4271721713039
716.7838628849818
700.3913767498004
747.7174351880233
730.6858427653041
747.5127813262213
786.4198411622116
783.3822663567083
791.5765926525995
741.7461972776189
704.0347056986615
796.1183967858968
744.7547634275465
760.2943799445866
748.7493196224643
751.6370046036552
708.6650864564401
743.8232141824508
719.8753523972316
726.8535033995717
754.3392573016827
765.263271912948
745.6637899224867
758.0282741240712
771.7485652973537
753.2590517185757
780.6158131311919
790.877160014366
736.033987774251
771.6022492432106
737.6643191239982
709.1665695008195
726.8291551109687
716.9799015085216
793.8078054788606
750.8684660440429
759.1006809097397
726.0723805876208
773.2480615394835
798.3422888350776
754.0640785466454
790.3025742132684
755.3345595336068
709.0583837683077
723.1495291553558
754.6866021411378
789.4432125484631
727.9507185568663
771.5387052939874
815.4545041649865
730.4144575689394
776.4612254965231
749.0743290840471
761.9845796679365
745.697769858858
797.6018041379039
762.4476208600092
706.4943365460035
769.9504838185626
734.0053352273901
723.3403428628476
731.2714761817163
772.22707159042
741.7833634852556
742.1860425322903
793.3404513571245
715.1047128358894
728.3656698103063
758.363592932753
810.2499578271947
809.7384918775767
743.9277331735095
716.4568894331184
739.7320946040766
775.2219302858323
799.1125690280694
781.7027329800374
751.2195199798364
765.1346068921204
768.4452936116412
756.8432336335873
785.8097991058252
765.0593884012336
744.485394933616
723.4555536297646
697.58741253612
766.5809897021679
759.4805124173406
713.3637717071831
745.7177525912023
728.0838873574314
744.31973862071
746.0319351506434
729.5236847747649
760.3598475609754
784.309966687558
764.6091951658486
776.9331204139719
729.5152487335572
783.5559967083834
750.2613372964728
766.1292849772659
760.4690744848849
734.250218598947
753.5123257617204
771.5697385193027
770.0978630197997
745.4402194531988
705.5172371463866
745.7575008316035
741.5814684417196
735.641620588888
752.9932296241986
748.9476268662569
778.3392926041986
728.751162840916
796.7005925331398
750.2340669591989
772.972308273571
706.9751122771988
773.4124853669529
721.6187736769429
799.761290332016
745.7438112656064
757.2362255883852
709.8174420198861
775.0101525445402
751.585214476441
733.9068740078828
764.9976024203096
780.4596674531806
823.1495461913701
754.0184322568272
732.0893642437949
782.8779894012508
730.7210646894197
733.5655303994483
734.9068172947239
825.8169725241476
786.4280272626692
774.0962153734864
723.6230247355336
708.7465952114542
696.1168494690064
752.1767368092935
757.584063345017
784.8017973588734
730.3916746163521
721.4248146607872
718.1400112631737
764.6474323203296
760.1028835780842
793.1534963158598
755.4444616226167
703.9693873875414
775.3181032324444
728.2607168147725
775.5648163142735
782.7416753615328
744.3097082065424
808.0844003441159
756.9169810814441
809.0495490548232
749.4930850023026
798.8837655704607
779.1248367544704
731.6121975733346
737.4122028685322
755.1231084010823
782.3194774020434
738.4379610856901
781.9862607317251
742.9418994442543
743.412325100467
755.374930742945
759.6994480455329
707.7462620998817
808.8236710661835
768.8051588728028
745.1226947448506
719.5075846380303
734.978557283384
665.3194928950959
738.9574803965724
794.5543364133421
737.5668399722263
716.9400746228433
702.7181061348673
769.9374959351047
727.3532950069518
734.5152928261257
749.4767278636815
755.377116139933
726.1935916139553
738.2468096303921
762.1826652748291
756.1891720251178
711.6676873748144
764.1588244694434
748.3281856305791
758.6342245482901
774.6108874409285
735.908409337075
732.9326461877149
753.6797462468278
754.3752896994553
789.7942745364714
789.9529232828457
755.5751159741707
747.0745545390781
699.0668251263835
780.303360117485
776.6936675602053
762.5734501229404
738.4181939475826
810.9505964232956
744.9354836751357
770.3022876902487
772.1911560863057
746.0602921824625
722.8496547541539
721.6369446945682
754.1962951991908
758.0834509751207
765.1241861059981
737.2202828530496
757.9951041920434
735.7957173716442
779.7250326767971
734.9808276788705
770.6098425933953
728.8765315841207
737.3772887709877
664.3888768359307
761.0790827853355
742.5941603185493
774.7065757033746
772.1991088555358
764.1904897237193
745.1666627733975
830.6867583756612
750.1247128110592
725.1648141504204
690.1245084874938
707.8166057808772
746.5190767336892
729.5843891107779
722.4509108009181
724.8069294766913
750.3577204057253
754.2113519898227
786.36097550326
756.5253244925389
693.5199044851695
755.8871006887537
748.3397977042428
796.3373345459579
761.9831637168303
766.9190885529588
783.2691468452379
792.3560454642244
794.2800313869839
781.3280381129466
739.1479439123763
792.6306833676005
770.5295404867172
718.5468803807021
774.2572335006619
726.9321565964415
758.339807378934
744.6064323924196
712.5167588688653
769.4196250066915
771.1259670301816
748.490863777042
701.9542441208342
741.1533192155016
772.0832317296283
791.0287803556333
709.389397168839
745.1603928385332
805.974776205778
783.5186444816898
761.9793723814867
749.4487260289008
771.3684805297571
755.8754933866707
764.067392378297
766.5609736871186
783.6662929559175
716.4316195834149
726.6020510245319
785.0575926508496
712.7313101461538
744.477857373177
775.1744451479658
812.4474225319331
770.1605398402713
753.3620866211879
751.1712460889878
751.871477217883
747.9465296238262
732.4250112932522
769.3880598003062
718.0507557866234
744.7342315799748
790.622460648725
753.0761173982191
763.6676245859045
764.3370634822306
753.395869651484
753.1872700372551
727.0696560385126
741.401120624466
733.3914775233218
734.8706878578876
760.7628934106745
755.3095374538078
721.1222441867546
765.9153940089625
762.7605454668532
814.5864880780389
741.6649310108489
721.9187208830238
761.1494275637276
743.5093609658716
740.9118533852877
744.8568579039697
770.7384622157215
738.9200391218665
747.212159004392
774.8214130572272
724.4180333768637
815.40867971605
730.6720862820436
799.4904031743666
723.5149078223906
746.6675400241737
746.8961452508161
782.894361587855
754.8826844505156
716.9268238434317
767.1776880999521
722.8553682843446
817.9602694800543
743.1520548429417
701.4494535090165
785.2682283142879
770.658854997986
715.3985174749915
729.1269239224918
798.7779360657136
755.4542950654435
762.9191748741708
750.2912184249005
731.1634811748766
744.3869650791348
780.6492571716147
760.9297649543703
748.7376035100705
774.3990070549648
751.4175050688148
753.297134592299
753.1179237310864
768.9193494845014
737.040845822769
741.6450802560432
761.5324516292537
753.644516941205
758.3571347780904
762.1277858957312
758.828684150094
757.8268858368779
771.8694862458409
772.2344726439073
731.8024348241121
721.5446939207179
749.3659863224818
753.9391482664188
795.6174980757028
792.4107218599975
747.5892259866371
736.1760481473217
736.1941868270031
796.6172380902656
792.4096883699792
734.5377608393799
749.5055356354276
761.464285167465
796.8673908841267
759.4300067301484
777.4479309837318
765.0727228826556
775.5775431200603
750.528546834846
765.6787834296999
749.0365704546758
778.9854545845741
759.1462682372221
752.2411532241979
752.3052599725166
785.8898025920291
763.2404034127871
738.7504970879609
724.1916888390236
788.0660585024917
765.7801299541787
770.652430169072
767.6834582615259
769.9768729973733
734.7390541291276
751.1960857348059
703.3607181753698
752.510866241949
774.4102420226095
816.6547026867263
768.0218723313899
769.4539165679975
778.1291398812602
770.9484132760529
759.7777226287645
772.913255259268
814.6530530321221
741.8464088436349
751.8156297400973
745.8947155894309
709.3008406337703
793.2857653202939
806.8845369081988
758.8032332083542
765.9961952321795
784.856080573998
749.193916695925
708.428831847324
747.2622249522074
725.895302912393
761.3802370595646
748.3468892306057
760.7106750885894
771.2964214809841
746.569886264853
787.059540389663
788.5097611278413
780.9300514976806
745.4135954495953
798.9805989731469
714.3770649620741
728.2005679227155
785.2486582040092
749.8280337671506
715.5144975344963
764.3976701300695
748.0642130957731
737.8249942029821
733.2288980033194
728.500171786663
739.0330006879195
768.3362525978195
839.5691404330368
745.5145890606952
763.1474052781592
796.0759032440212
731.1128375620017
782.4464589202207
751.6553758114121
729.2716111308268
710.3190437914468
756.2274369556511
754.1974363762336
736.6597258750968
716.592170007257
750.0261967478282
777.9510661349793
731.5359714324175
788.8596700983192
734.7627293248527
756.6273093471254
747.0188351035943
769.917524840165
765.0443642181145
749.4794491278776
743.0100092627106
756.5995015995984
770.233545720112
764.2510982782949
723.6994529058287
747.4531272691457
740.036945988386
754.7807518974408
708.5481170710718
758.9544658230494
749.1793592512985
754.4716021220764
767.0661777766084
843.4376259244307
762.3681253293884
755.6551830090567
700.1518900165181
762.1292648691904
764.4146194882985
789.7814360074993
734.3590518181472
697.6526640140671
785.5049790726268
768.1447770167222
769.3663786473576
778.492407342804
735.9935265377742
771.9485457972148
764.0470167806756
739.0842512457882
732.1979623157227
765.5544217319929
784.9512718848387
751.7234709882428
744.8376164194804
700.8790285089339
796.7097329225853
797.1690463975614
764.8198927258616
750.2316774063189
784.6622554751386
748.0893924533979
768.1237185672169
772.2729034956394
793.6781566513387
712.3887942804022
744.1315914727148
733.6734528586453
768.6391958741672
768.0485841546193
774.3486984716146
756.7893011730271
737.5284764929487
789.8250796883842
817.9750099079656
714.4616718449386
740.0020597845403
761.4306680370697
767.1778615644404
729.2401364398924
814.0300689740692
801.9069426930828
791.1544611437631
749.5166479503393
768.1389216440814
740.9667006400099
801.4270331690834
755.6064579454593
799.8078598828512
782.6234844074257
792.4111486855018
760.922699847006
737.1362164852234
753.9966842795768
846.7004393632609
741.037925802573
773.3301251035751
772.8671131008115
763.35601569907
818.0674655896682
755.0931345858322
794.4078272421464
750.6869767453882
790.413803550015
797.977901452962
760.1070933324394
800.8676186016979
786.6633270302412
750.3608162272697
782.4295680114939
708.7947525391888
786.2926575664277
738.4652797184451
756.4804326057547
735.7143693068657
770.9277652886083
712.87625977053
772.754997901782
762.8056566549474
763.281236741429
731.3236671147961
738.8243779093983
760.2095320753954
741.9484406452262
785.6350103440634
759.8568875190635
703.7567095421174
763.6424899101359
735.2410375681302
791.6262990409898
767.878146500351
766.9298803023519
774.4794229971211
785.0543497515798
748.181649754679
761.9111803358551
754.2320329937563
828.9434433439276
766.4046760952616
732.4633965783444
763.9129579165132
777.6088044756465
718.7077360895349
772.8114415114013
773.9362503058247
757.3528683200922
754.8587950233156
749.1280023083959
760.1569936017024
759.2539639451344
787.480639064417
763.0510280427122
750.1818189658768
759.3980728065076