
7.790657439446367
7.996742671009772
7.9933554817275745
7.8903654485049834
7.867549668874172
7.668989547038327
7.819727891156463
8.33603896103896
8.104026845637584
7.859060402684563
8.051409618573798
8.045088566827697
7.813993174061434
7.313725490196078
7.8618421052631575
7.8771653543307085
8.030448717948717
7.488562091503268
7.864013266998342
7.679245283018868
7.591905564924114
7.934010152284264
7.704974271012007
7.482233502538071
7.871382636655949
7.889256198347107
7.938775510204081
7.958333333333333
7.792580101180438
7.777963272120201
7.556719022687609
8.003169572107765
7.4916943521594686
7.596551724137931
7.641156462585034
7.457391304347826
7.718152866242038
7.593851132686084
7.575409836065574
7.252991452991453
7.674876847290641
7.663893510815308
7.45273631840796
7.31
7.657937806873977
7.552631578947368
7.528333333333333
7.400958466453674
7.627090301003345
7.080133555926544
7.14983164983165
7.63258785942492
7.2998296422487225
7.259005145797599
7.375626043405676
7.401015228426396
7.418032786885246
7.389885807504078
7.429809358752166
7.494176372712146
7.2571912013536375
7.2724306688417615
6.913996627318719
7.255389718076286
6.8915254237288135
7.062295081967213
6.9713804713804715
6.874782608695652
7.364632237871675
7.11578947368421
6.972624798711755
7.097244732576986
6.922948073701843
6.988313856427379
6.9932203389830505
7.3475513428120065
6.855263157894737
7.066225165562914
6.9321486268174475
7.038205980066445
6.795493934142114
7.161449752883032
7.127419354838709
7.181114551083591
6.72
6.92
6.746086956521739
6.824675324675325
7.118892508143323
6.989795918367347
7.135702746365105
6.551194539249146
6.757071547420965
6.618487394957983
6.751295336787565
6.67003367003367
6.911575562700965
6.797697368421052
6.716216216216216
6.865671641791045
6.719723183391004
6.996860282574568
6.688775510204081
6.714285714285714
6.552901023890785
6.919934640522876
7.0016155088852985
6.8076923076923075
6.843594009983361
6.486440677966102
6.676716917922948
6.479381443298969
6.580952380952381
6.38898756660746
6.5204582651391165
6.36254295532646
6.469055374592834
7.099533437013997
7.018376722817764
6.474295190713101
6.720198675496689
6.807131280388979
6.323432343234323
6.560402684563758
6.253448275862069
6.538720538720539
6.781499202551834
7.018927444794953
6.760330578512397
6.7842809364548495
6.4336134453781515
6.864238410596027
6.534364261168385
6.505190311418685
6.579617834394904
6.7808441558441555
6.376306620209059
6.490367775831874
7.04251968503937
6.393687707641196
6.395869191049914
6.817896389324961
6.529100529100529
6.519793459552496
6.4047217537942664
6.201376936316695
6.640791476407915
6.226890756302521
6.289256198347108
6.260273972602739
6.2784588441331
6.59771986970684
6.52442996742671
6.4888507718696395
6.304492512479201
6.585840707964602
6.43585237258348
6.47766323024055
6.552922590837283
6.394736842105263
6.253311258278146
6.712396694214876
6.601246105919003
6.650246305418719
6.266998341625207
6.172529313232831
6.4068627450980395
6.413005272407733
6.186195826645265
6.35342019543974
6.644230769230769
6.243567753001715
6.319796954314721
6.420454545454546
6.449378330373002
6.2817589576547235
6.556818181818182
6.285211267605634
6.20945945945946
6.189233278955954
6.34887737478411
6.283112582781457
6.534920634920635
6.391891891891892
6.4702093397745575
6.361290322580645
6.166666666666667
6.290155440414508
6.431528662420382
6.115966386554621
6.013490725126475
6.417981072555205
6.161790017211704
6.397372742200329
6.492561983471075
6.378964941569282
6.2883642495784144
6.616393442622951
6.449081803005009
6.432119205298013
6.536184210526316
6.424703891708968
6.4290375203915175
6.3524451939291735
5.993197278911564
6.377633711507293
6.63884430176565
6.408233276157804
6.346026490066225
6.20446735395189
6.2730263157894735
6.370486656200942
6.33868378812199
6.0256849315068495
6.257281553398058
6.154255319148936
6.187062937062937
6.156462585034014
5.993067590987868
6.182905982905983
6.715408805031447
6.474015748031496
5.783393501805054
6.121265377855887
6.388083735909823
6.256651017214398
6.405084745762712
6.363784665579119
6.540453074433657
6.0432525951557095
6.252892561983471
6.140549273021001
6.010169491525423
6.248713550600343
6.282571912013537
5.9752883031301485
6.255663430420712
6.304054054054054
6.4048
6.344827586206897
6.397009966777409
6.048109965635739
6.606481481481482
6.365695792880259
6.018549747048904
5.9375
6.110016420361248
6.122073578595318
6.123924268502582
6.280314960629921
6.187004754358162
5.932069510268563
5.9628975265017665
6.085714285714285
6.115120274914089
6.008417508417509
5.967373572593801
6.183739837398374
5.995065789473684
6.032478632478632
6.041237113402062
6.329508196721312
6.392857142857143
5.948453608247423
6.103618421052632
6.096666666666667
6.109060402684563
6.1879194630872485
6.100175746924429
6.324281150159744
6.483037156704362
6.159395973154362
5.927609427609427
6.474809160305344
6.250825082508251
5.951957295373665
5.996478873239437
6.008169934640523
5.892416225749559
5.964912280701754
6.153473344103393
5.874371859296482
5.802653399668325
6.330049261083744
6.063545150501672
6.198996655518394
6.2464
6.1763727121464225
6.131399317406143
6.358843537414966
6.086038961038961
6.217532467532467
6.075533661740558
5.98371335504886
6.152027027027027
5.848534201954397
6.2208
6.181380417335474
6.180463576158941
5.683006535947713
6.3
6.055555555555555
5.9982993197278915
6.042016806722689
6.087603305785124
6.086342229199372
5.8116666666666665
6.239804241435563
6.239669421487603
6.058626465661642
6.070032573289902
6.077557755775578
6.162866449511401
6.00655737704918
6.050736497545008
6.2182410423452765
6.090121317157712
5.915
6.117741935483871
6.112561174551387
5.924137931034482
6.039279869067103
5.796581196581196
6.0
6.16006600660066
6.1169491525423725
5.732993197278912
5.8
5.986183074265976
5.830155979202773
5.886561954624782
6.099173553719008
6.081037277147487
6.304568527918781
6.0548885077186965
6.16
6.14657980456026
6.178151260504202
5.964686998394863
5.933566433566433
5.9628975265017665
6.091210613598673
5.9795570698466785
5.975328947368421
6.1612377850162865
5.778534923339012
5.910277324632952
6.036269430051814
5.760070052539405
5.628919860627177
5.863865546218487
5.715
5.847402597402597
6.052464228934817
5.866900175131349
5.878737541528239
5.482817869415808
5.892436974789916
5.581911262798635
5.882352941176471
6.035598705501618
5.75993091537133
5.819897084048027
5.631921824104235
5.778546712802768
5.911290322580645
5.583044982698962
6.104304635761589
5.872580645161291
6.080385852090032
5.978583196046128
5.6048109965635735
5.867892976588629
6.027287319422151
6.095163806552262
5.912052117263844
5.877162629757786
5.7843478260869565
5.637630662020906
5.8387622149837135
5.8365217391304345
5.5663865546218485
5.923875432525952
5.978297161936561
5.918269230769231
5.88421052631579
5.998336106489185
5.906821963394343
5.606965174129353
6.028333333333333
6.175675675675675
5.92443729903537
5.890151515151516
5.884228187919463
5.7504488330341115
5.819376026272578
5.831404958677686
6.03150912106136
5.762541806020067
5.681735985533454
6.080824088748019
5.93781512605042
6.094936708860759
6.058319039451115
5.597495527728086
6.051635111876076
5.82960413080895
6.375594294770206
5.8654173764906306
6.048013245033113
6.061588330632091
5.6203866432337435
5.989983305509182
6.165094339622642
6.287853577371048
5.919156414762742
5.919055649241146
6.0
6.016778523489933
5.787581699346405
5.821895424836601
6.041597337770383
6.019230769230769
5.730185497470489
5.744610281923714
5.808510638297872
5.913178294573643
5.823429541595925
6.0370994940978076
5.898972602739726
5.8826446280991735
6.044374009508716
5.941558441558442
5.9637223974763405
5.63743676222597
5.7435064935064934
5.837011884550085
5.811129848229342
5.813021702838063
5.859038142620232
6.007949125596184
5.822445561139029
5.7114093959731544
6.051968503937008
5.860068259385666
6.2669826224328595
5.853781512605042
5.980738362760834
5.872756933115824
5.817241379310345
6.202341137123746
5.824742268041237
5.940886699507389
5.865448504983389
5.966777408637873
5.781045751633987
5.851791530944626
5.831903945111493
6.090909090909091
5.883680555555555
5.942078364565588
5.939597315436242
5.926666666666667
6.0187074829931975
5.579931972789115
5.894991922455573
5.894389438943894
5.664371772805508
5.476785714285715
5.903010033444816
5.887640449438202
5.953225806451613
6.100156494522691
5.872937293729373
5.667808219178082
5.812816188870152
5.849427168576105
6.046744574290484
5.869494290375204
5.7025210084033615
5.542907180385289
6.1888
6.124595469255663
5.876460767946577
5.739655172413793
5.944732297063903
5.929042904290429
5.794871794871795
5.978297161936561
5.844290657439446
5.946218487394958
5.89087656529517
5.871186440677966
5.909531502423263
5.855442176870748
6.006896551724138
6.05654281098546
5.863636363636363
5.844133099824869
6.0730519480519485
5.892857142857143
5.869782971619365
6.116316639741519
6.081314878892734
5.968698517298188
5.978476821192053
5.976311336717428