
210.0
218.0
204.0
216.0
198.0
161.0
174.0
242.0
231.0
210.0
222.0
223.0
194.0
124.0
212.0
223.0
219.0
169.0
188.0
181.0
192.0
189.0
170.0
162.0
203.0
197.0
213.0
213.0
184.0
169.0
168.0
241.0
188.0
191.0
152.0
151.0
169.0
174.0
187.0
136.0
172.0
189.0
178.0
150.0
182.0
159.0
151.0
141.0
155.0
117.0
117.0
182.0
166.0
141.0
141.0
129.0
152.0
146.0
149.0
171.0
143.0
163.0
107.0
129.0
109.0
114.0
106.0
101.0
163.0
125.0
138.0
131.0
101.0
114.0
123.0
157.0
101.0
133.0
103.0
127.0
97.0
136.0
126.0
170.0
86.0
115.0
92.0
120.0
104.0
105.0
143.0
77.0
108.0
86.0
99.0
97.0
119.0
105.0
90.0
88.0
76.0
120.0
86.0
121.0
87.0
116.0
112.0
105.0
122.0
76.0
89.0
81.0
88.0
65.0
107.0
65.0
88.0
135.0
133.0
71.0
107.0
102.0
64.0
96.0
58.0
86.0
104.0
125.0
106.0
106.0
67.0
117.0
68.0
75.0
100.0
101.0
59.0
72.0
130.0
84.0
66.0
100.0
87.0
85.0
84.0
56.0
96.0
65.0
62.0
70.0
79.0
93.0
73.0
74.0
65.0
83.0
76.0
76.0
93.0
63.0
81.0
97.0
106.0
64.0
60.0
57.0
73.0
73.0
61.0
73.0
90.0
68.0
74.0
96.0
57.0
81.0
75.0
67.0
56.0
62.0
62.0
63.0
94.0
71.0
82.0
71.0
48.0
61.0
74.0
57.0
51.0
81.0
60.0
64.0
80.0
70.0
71.0
74.0
56.0
91.0
68.0
80.0
79.0
66.0
51.0
69.0
74.0
67.0
69.0
64.0
66.0
80.0
63.0
48.0
67.0
48.0
54.0
67.0
47.0
64.0
93.0
72.0
45.0
64.0
72.0
79.0
70.0
72.0
77.0
57.0
59.0
54.0
54.0
63.0
64.0
49.0
70.0
75.0
70.0
68.0
67.0
54.0
98.0
74.0
61.0
48.0
70.0
56.0
62.0
61.0
53.0
49.0
42.0
59.0
49.0
44.0
51.0
56.0
53.0
56.0
53.0
78.0
70.0
49.0
62.0
63.0
74.0
69.0
57.0
61.0
68.0
50.0
45.0
100.0
68.0
44.0
49.0
59.0
46.0
46.0
62.0
41.0
39.0
68.0
74.0
56.0
52.0
71.0
42.0
78.0
67.0
59.0
62.0
58.0
63.0
46.0
58.0
65.0
50.0
35.0
62.0
52.0
54.0
61.0
59.0
59.0
47.0
65.0
58.0
48.0
40.0
58.0
64.0
52.0
54.0
59.0
67.0
51.0
63.0
58.0
45.0
58.0
55.0
63.0
58.0
49.0
50.0
47.0
61.0
56.0
46.0
52.0
55.0
58.0
46.0
59.0
56.0
61.0
58.0
45.0
51.0
55.0
62.0
43.0
72.0
39.0
48.0
55.0
44.0
41.0
38.0
35.0
59.0
46.0
55.0
58.0
38.0
60.0
37.0
53.0
51.0
38.0
51.0
36.0
39.0
48.0
28.0
52.0
56.0
71.0
59.0
36.0
46.0
55.0
68.0
51.0
44.0
42.0
33.0
56.0
55.0
34.0
40.0
63.0
41.0
52.0
58.0
55.0
40.0
55.0
68.0
61.0
46.0
48.0
34.0
48.0
58.0
63.0
44.0
48.0
48.0
59.0
80.0
62.0
31.0
57.0
44.0
72.0
48.0
67.0
57.0
29.0
52.0
89.0
64.0
41.0
52.0
48.0
55.0
36.0
64.0
68.0
53.0
51.0
39.0
36.0
54.0
56.0
49.0
45.0
44.0
76.0
65.0
49.0
33.0
49.0
39.0
52.0
50.0
46.0
66.0
49.0
49.0
65.0
51.0
72.0
48.0
59.0
34.0
46.0
59.0
48.0
47.0
54.0
36.0
38.0
53.0
43.0
65.0
44.0
50.0
59.0
46.0
56.0
36.0
48.0
43.0
30.0
35.0
46.0
52.0
57.0
71.0
62.0
43.0
60.0
50.0
60.0
54.0
33.0
34.0
64.0
63.0
53.0
40.0
49.0
71.0
45.0
55.0
61.0
49.0
55.0
45.0
55.0
53.0
57.0
49.0
61.0
46.0
57.0
55.0
31.0
71.0
65.0
65.0
46.0
48.0