
389.3578486377794
427.894409915359
448.3699492351642
414.30706076925117
432.9822544841463
428.09189400551776
401.47017558020474
425.111502921595
417.52534886767046
410.0842745350234
410.56392816784063
413.3352548962771
417.02565983455895
422.9002705152914
433.09866096505175
447.6616643513497
440.5629402280362
432.4755207482896
445.4624295993267
424.3348610273389
406.48172235535736
440.50220805377404
437.3427292283444
418.11236251729986
435.2718892361807
438.31831568866585
441.51088498144543
442.28377680895227
441.9810755988251
436.6185113895368
418.1357823265586
426.82277795695865
406.2968769409339
382.8741624889423
432.2082786955989
432.51270167376526
467.7212425110839
436.49094300254336
408.691538334439
410.3013161756668
450.64834899562277
397.9307990915635
414.0448846849005
409.00065540915585
421.34881829689056
440.0506075392347
407.8174631065673
442.17407195298586
449.11699998437444
421.58611382696307
401.70144723495486
416.42851357729677
417.15231011633085
419.9436758826272
436.26247111068426
423.6867894258461
437.74040114217814
455.81436039135303
395.50052218401925
410.3098781031451
408.63850318634036
410.8124888479923
419.52179587641774
433.99849776820884
407.24845203875816
426.23702668836984
428.649602021126
410.8095856558565
423.9694875895756
398.5461903971258
412.6333444366883
421.1758687450421
411.1958390033037
417.26457993803206
405.9222348192379
434.8143851981974
430.22860340728386
409.97085540338196
429.8432629768152
407.0560440905293
414.7148697645348
426.64172163201965
423.1573933338985
413.6793120557072
407.0238291035341
414.1771076207169
391.9176151080311
411.0424183626031
458.83435676096735
414.02123060441164
404.6624500451913
390.49904978153455
381.65385102222825
398.6910396584673
405.4400432450019
392.4023366068337
420.5257416501442
409.5343712496718
410.9652209600134
425.03996407909096
401.5852257134543
403.20735394881024
392.31423149108366
414.67014857460043
408.221765422366
407.4975107433872
439.8816629672124
439.31632591066744
392.28775064630753
400.0034586623951
393.4912926682583
385.74498498111456
421.1899742789985
370.11303704867476
382.06633242361033
398.19654981522547
403.7920162273923
437.1224406483152
420.12420470978685
433.4753221550477
386.33825691492063
402.31970211058
419.4839496368587
376.6593237276654
374.63590825011494
377.0759465914025
387.8080766396337
432.37544126551893
412.0134786700052
416.1718021028405
416.0383813354667
399.65844910483776
397.1453035624779
386.14127688772686
424.4008166756751
396.79083952406904
406.0508037807171
371.6984289400986
415.1083943394321
370.1281809029417
397.08491433791613
446.088704986005
376.28138310263785
394.3581125102527
380.0924723927272
380.01936640009046
417.2238482248754
355.659124124213
397.74504276438165
374.2351384958155
365.41614291850595
405.12406723637116
443.7648850802977
390.3878757545391
398.3976476188733
369.34814318757645
378.96094939044417
376.687804588956
407.6468243172925
381.7842653972897
388.4490205967601
405.6070784193675
425.0997274447885
422.0911832470462
390.3587974633208
411.67511204435834
400.54642891716225
351.1746242753028
397.4477399143028
413.8097190870376
380.71195602254875
377.3261186193727
400.30946741276557
378.1314890432253
403.6400339410986
377.82532880955364
417.3811352214583
372.90662685725994
392.963804919224
414.2174808307547
373.7030868510017
392.9340268415939
413.38989765496416
403.18949014379456
409.7751045545327
393.2240470723592
376.25259505001526
362.19100411567274
414.3976288174987
398.17545364118064
390.3903895499278
403.79103298057333
359.3465775550895
409.21093623408734
398.52926110320533
403.1784434033925
367.4619984874456
431.98697249534655
430.47381681073983
374.34040003477037
408.40735275812295
389.34590879205894
391.817247637209
393.65592154871626
378.4230663000792
428.30071277181196
447.22291100380437
387.31187442805344
384.76176638729464
378.30901383805906
380.7452582704501
391.5489664619018
416.4515512868239
375.0018892619056
407.6710457380295
367.2785386881884
376.9404466896194
373.56870452970963
368.10121529132414
365.09584184712185
461.84263732567035
426.60998808761053
344.60324917945366
357.74932220605234
403.78183924484284
405.1152154231167
407.0125122249275
413.1206179227406
384.58406466320787
356.1722048411411
395.7318019808967
405.0333177332505
376.83179882471774
391.9406454801011
395.5142887316955
384.7493598963497
403.78882474883176
374.7746704402588
407.0528516124283
395.4000478273388
382.347625002381
393.2329867930441
423.544077618139
428.73790997114463
408.2718350373705
376.37170412269813
380.21250623406735
382.4681417452174
349.10711192084443
423.31528162654695
403.7778224636485
412.52551705148596
374.0035770609578
391.2569154082595
378.9396081571574
403.8284216642723
401.34621079679414
393.7147597099066
376.4724619450502
347.5870453782649
351.7344283082398
374.75091301276547
383.6221273417489
375.1230798932903
401.79876310961095
363.2057335669934
356.83356254287156
359.51835543092216
354.88022584157056
408.6518348409857
418.0515250760994
409.93572641297106
380.1273780813688
396.87188176294643
386.45397812612265
362.1560859185449
368.99612115934764
380.5871471777553
342.2401413922221
336.02055319482497
393.7043697005124
360.3729536131411
394.893028764774
410.11958754639363
388.5559572009489
382.3297673973947
410.0638647063124
385.43770710842216
381.1966734904671
327.7426711251798
382.1071880883517
407.51791170873906
395.74861849476076
394.7058515096483
364.30807581231863
367.96716410187724
402.95212610175247
377.70420526688537
394.25710669043764
370.4306366335762
417.6686372324854
369.04216565577815
369.7699173308298
381.30211230411567
366.01736862556487
394.50522468239717
358.2992877740842
408.1659250203228
392.8074598250371
390.6099443048708
405.7283826732723
366.85146252278605
400.03931941030646
398.0694306492376
388.5024567740369
400.70945398152253
351.20907245556725
369.556173595364
381.55236881613257
377.7522420446678
369.0635973079579
366.19096306416174
344.05001081907335
365.0753080549008
383.03102108802733
396.72735850289723
349.7633567565982
376.47706508639124
342.9926094930903
323.537273219425
362.0915894563518
382.56931600719224
388.4026159593492
378.5240892532205
387.8643469756659
380.23589067952315
395.46484072344674
375.57418705529255
366.46810724015216
344.0075777384686
347.22765448792717
374.35142552820054
347.3445729261986
362.2467317322182
394.79822981662403
352.95126024597573
353.99237245200476
349.34700142834845
332.7030030342078
328.8694926768151
363.2099158228523
360.4526756940976
351.17134928516987
397.1499995414284
336.0786881592516
352.0840215729531
329.97151002271164
334.02184336009844
351.1473731580547
353.61428333889063
370.64247788477365
350.8561760400888
347.0011687694245
364.66826918241196
356.52642453186644
382.12007780120354
329.1578509577904
376.06562800668013
346.8290720635564
365.79763503784295
369.02663234530803
338.804894704596
348.73314160989145
375.8584585805305
393.11903875278665
371.16635455775776
345.8213879751992
356.7865934403179
347.1704703873767
364.7616096086518
337.1871868403992
351.4180140123878
341.9162988490711
343.0732994271219
399.04812323163503
334.22159219837397
379.3536717684806
337.55391574834954
326.4313345997067
359.5551054886808
346.22236375542394
352.86256273465875
307.2430079162506
337.7857898108533
311.82003643749374
364.00072721632176
349.15868141126913
339.6308106969276
343.36598485139245
324.34682207688405
390.68009259031777
354.0186926308265
353.2785308066788
344.09101130863996
305.6560263372083
359.6339357559723
345.56623485169615
382.92548943927284
359.12220952438855
342.30933567055234
367.59606114385826
348.4050768791133
359.93989560247604
345.56492513309263
369.25170434353475
344.3590657624562
340.73403719394537
355.09931112486055
352.15113705671126
361.5515112499961
328.6200896652592
327.6590978691113
378.52391712270213
333.0448942614504
365.557330202934
344.63464666628136
382.7942348825617
327.33808284913977
356.2924461756071
336.25858967689084
358.42623527651756
368.01867988270567
360.70311136038356
384.2466806346735
361.35074176895654
358.1771100141338
368.7544646958847
354.60425818348665
355.2331317495779
347.7797135589741
353.91313821191187
344.0985404586339
334.7783137141922
385.29114185325415
342.48421019061004
393.49496022640295
378.26687038471783
355.53128285364676
370.3505321906639
344.82997931708593
371.4760871055698
322.7205071199994
350.62288629684826
348.25591920908244
386.8002044713625
396.22183298388006
368.68697883307794
347.38148360160505
367.19321310352433
340.8444312689846
357.24522681799806
341.6341151757892
353.31956162942845
371.2838784889751
334.5114849377882
380.70287933204554
368.5908926028484
348.9365343252239
314.43001442341887
348.0749050073329
353.2077432833498
368.4948822016022
382.83288677850095
357.10908700472226
321.8332272870615
322.49947441987604
354.68651144015945
352.2909552755149
356.51088528787625
348.6145769570057
334.58333136096206
378.1601550582015
361.6693595916665
350.4360431339672
335.78231423876656
356.5155078722727
335.76921447465924
350.19600763213344
353.83977252690306
325.899614830205
362.3390749518749
301.48558767215036
331.05192200030325
351.842209188499
314.3726803397677
332.952342673052
356.49369174083705
315.1924606967089
311.025336222846
372.8716678621764
358.3125067951126
353.45262175705113
352.1236759935094
343.73976540098255
367.0899039846598
354.4652183273803
343.2892771879453