
320.20126538398864
337.797091110932
340.4594083174537
329.7377685369362
355.0177491253411
386.79979416910703
388.61297209479284
274.65627025121086
279.71085618990764
332.21552454453126
328.70642240868244
339.81209450152636
351.20910594328313
461.61147662767934
332.9588054355636
355.53952239322325
344.2157980935149
444.2347773877971
367.1469657678813
366.652518063271
372.6713959320152
345.125966582996
383.5998902083593
429.7405946888398
375.5881073068102
353.6759085146255
374.74774344573154
359.68862348479473
364.8556495240613
413.87132505865566
377.0356106841126
310.97945444144307
400.6831410728761
371.50526089581734
424.7599282155435
414.3725864871052
444.2177673744136
431.31652927152817
405.94289965341284
482.9844627544211
414.074067192426
400.65370486398933
422.2218348990996
483.69472809240216
410.8952160802455
454.72667141185514
468.8564696220046
516.0550466758297
425.8894330942141
543.2329323277586
535.2619987906531
439.95138762891975
416.63395494915375
462.8603868378426
479.3732185956195
500.75306298077896
470.48428321323945
480.8678461202304
440.6733474152426
429.91262516267733
475.09726701490337
468.1073442301514
550.8972328731928
515.6336074045241
553.2856093534899
562.7303094380655
556.5860023548955
544.3565312475766
507.074759927874
491.5728600710842
551.699409762535
538.7805556319055
574.6609070240322
551.8234252240366
526.3766543530675
500.4846052233197
594.030495028698
528.1591737579413
596.5722403528936
536.4822571130379
557.6040416790399
506.94101606952864
553.9021545431928
511.4578168192229
587.63748479064
559.5854973915204
579.4460577951388
580.5355062993693
574.6666048256577
554.3000397221599
523.1020966768309
634.9710368621687
592.9613248353382
626.5593597841709
559.9780494520448
600.2666646842692
578.543700456865
593.3649397093228
600.7228597446463
610.902381313476
611.8866906627374
609.4058996324421
610.0852544745826
614.5895388609885
602.9829259085914
576.1133505420714
576.287113112789
564.2842532769394
562.1073261869177
644.8942091002651
616.816470489973
623.0681635766316
668.3508683065581
632.44954540398
619.832022021781
653.4319240902136
649.1404849500707
568.0024206295404
598.304347623847
652.9266536521759
593.936225018276
620.7716277400555
684.5552988531072
616.8647072342204
674.3066402299954
631.674533308392
634.1733409557891
586.0318303312054
586.7693270025889
574.7865195589544
659.5098972982861
565.0742743301762
642.3896891904335
624.6421054389706
635.90694417072
624.5423119205958
642.7826599042538
625.631327671933
582.7032393132253
659.329353806271
648.6707690134175
634.5758638991362
584.0171755042013
608.6503629141773
637.9560867904933
683.0673377826913
700.6294961250483
697.9907698365063
700.3014247018432
659.2623153659555
621.6316147299667
638.5517213839909
665.0754098267182
634.1241323530855
683.7293618770127
593.8429275692076
614.4910862934914
634.8860508600849
667.8363317156648
640.552924325191
666.3800940202038
608.5116435493661
648.2578555866392
677.4212286831677
701.6889785036162
693.747498050792
687.228787832128
640.1468182146243
737.3743550438733
685.9781519125627
673.4525349024067
658.4649162507245
651.7051201224623
659.4143205332026
629.5456083096522
685.5914853703183
673.3053585201069
633.7540346102829
691.0688258006282
707.2387772675216
665.491452779463
698.3155792133045
659.7896586130774
655.0401542711081
675.3049464480871
704.3645354587044
649.3565839768477
672.7864694441475
698.6223504328635
696.7439720276557
707.702461134569
698.4363640563398
687.6986688519344
691.7604510185326
658.2925217119857
665.8977941816732
673.7600205342567
655.9422354369751
682.0179531244548
643.807383006595
681.152221684968
637.2209598187299
681.2034081183774
665.2309025980466
708.2429813448488
682.9548197231104
670.9290105695159
655.4083454006602
687.0177144172437
665.7930126384472
705.9762343854102
716.8835010569185
715.263393792007
710.8542412658608
701.2717993942523
680.1642382428976
667.8971914462143
677.6299737523602
706.40566947349
680.5498599728379
645.6398672586658
708.408277766573
685.2476270599572
660.4577788991999
703.1945753791009
716.9699506807146
645.7835903224633
681.6018677342316
692.7189202139501
688.112240934114
709.4667887355355
732.7804197749542
708.8106704029084
661.049841589568
671.4481044510875
742.8003333746493
702.0043585924429
664.3252595299507
708.4083553205113
694.0479821541201
684.1590532266353
678.6081956059891
683.1923785652633
675.6687372771972
684.4569687186865
699.9259898585285
700.8119349211447
709.8724371397237
685.3508503329516
741.6467701183988
758.8152032260853
774.7668628371893
692.4178993056037
695.3609509121918
701.5210374007834
721.7235506343613
746.1689591063548
737.5899714166123
742.6360995432765
710.6671613616976
709.283966076122
686.4910754888201
661.1653012722775
703.4351438866453
706.1521739973725
711.6173222201826
687.1824536706962
692.7603460830715
674.12955030753
727.0186594151468
694.7742926978594
708.709699405073
733.5138544974334
699.2654686962126
695.2128078144881
688.3407227005845
684.7189231518439
732.8459303108668
706.106146875529
715.4992462193877
733.3832538757711
754.313426374289
755.1824259969127
686.7305583651994
674.649009874008
710.5126405590415
749.0722078711577
683.2443839979424
722.155123501379
667.7594902479948
722.8619708461339
720.1971786851346
714.9076955658927
730.7607935790836
700.5191704707711
780.7597287874215
738.0691578969397
741.104231927147
725.5899094393058
798.5314685607207
730.4580123713291
692.6452613121419
710.4624128350812
699.8936491696687
731.6051489978897
767.5129674936726
755.903678473484
702.804152414059
713.026895037982
724.8598909506956
760.6883940250884
730.4483511987771
710.0292490407799
737.1947334132773
739.9169939650205
721.7238890346921
674.0899871950312
740.834530654108
743.047194281184
736.227471631262
719.5762251824053
744.3809896859152
724.5398711375092
738.4274131647923
721.1748396476976
707.4967184803512
739.14334721417
775.8270494620247
690.9444031669234
714.583176127496
706.9624024057508
732.6203536292727
744.9498822247394
692.5431057306828
706.787285479522
712.2472464669689
727.969794508158
696.7919097670297
763.6697900575093
715.9588584083805
690.8721403458196
726.491327894349
705.3847304856115
770.8912337331891
703.6037381476037
755.8785192725435
778.0108125244362
703.4793511545323
724.832556074928
741.2771067962606
760.6718144822796
783.1421868479059
758.8383110624637
780.8457482719623
701.7009467476066
743.0757893707718
768.4320755014048
732.0581343027454
758.432268469513
770.4373385056617
761.3170790070333
741.2191768477168
724.891636757995
802.9563014485634
734.3858882167908
772.9663782738409
775.8673824645799
732.0410164386384
775.9982711866961
734.2401383297488
734.9480188768622
759.7289966899624
757.1370439087738
766.5558519713993
760.7044596863828
758.6017599328648
728.5394688561521
724.143646779881
749.7916189281201
762.2388246621665
706.8409228913087
783.5696630891041
735.3395369919845
726.7154824902535
785.0768013438474
703.3158289734897
716.392444293715
749.1206369822443
801.1520923372836
729.087211900109
695.5878446215195
766.1158885287189
657.4742806913848
754.5769883585185
728.1961148565986
767.692085812137
747.5818394445838
729.6477755583376
768.9400998705848
696.1523195717807
785.6195607723567
719.9046289601083
740.0005187238646
697.415831055668
751.4319786825235
695.5570582412413
735.9560464366273
727.9689980224512
730.3114191184646
723.3397828153908
753.7014950411793
749.9780202525903
734.9998763178723
727.8844182161188
703.5824977946177
717.1221126119008
739.598202070113
722.6675304241779
729.299503747439
798.9995677016158
758.7071782200385
727.0682782088802
773.7767293816247
754.0133994959157
775.3846917506186
725.1321720805042
805.5837496838518
735.1046912383462
734.5239402061791
741.9328216295797
772.6729285765027
741.036882651577
745.2393635999316
791.2160946557336
777.9967421306479
783.6145376861466
747.5377021508417
734.3310255150147
751.4595766850341
765.9873814903501
761.1794881388242
750.0590753267463
763.4652901556503
758.4160361508763
727.1155334329914
730.450513851055
733.4954291930723
768.1654592554605
794.2086418865866
731.3783439716128
708.5856988294719
744.1241466685044
777.4644456447375
751.7172913749704
760.085253197479
772.0626666327049
759.5374881128671
740.2336071532428
769.373872217593
733.5915495395232
721.239955885261
728.6686930172314
757.2828165921304
706.6044287800853
774.1407372396529
773.8184607149631
763.708816605666
761.5609125297603
740.1380604749048
756.6709954476773
783.1381438539003
764.1391907549074
748.5488759405678
733.4322482331775
762.7851030596676
733.3225587203749
773.0332623501712
729.2505402875984
763.1669594139378
784.5155154080585
753.0643148319475
744.7599131015959
743.0134628216443
745.1838030293426
745.5537359786205
711.5702984612386
726.3989487721179
804.4864306933383
739.0737527833309
703.5067238147392
737.5091189018092
700.9814271944371
754.5872675841865
778.0636073673188
744.8137899501468
715.2932995670292
780.7545595954091
740.0043128339502
727.9923996874134
752.5577685480013
764.2062227975507
786.7874142009528
737.2699728918229
680.8917451219864
722.3869832502638
758.8639650775665
738.8172455471391