
7.937299035369775
8.014586709886547
7.9325463743676226
8.0192
8.090764331210192
7.866444073455759
8.120521172638437
7.985294117647059
7.574137931034483
7.996726677577741
7.544982698961937
7.811881188118812
7.800995024875622
7.973288814691152
7.811036789297659
7.869191049913941
7.901666666666666
7.4263431542461005
7.85831960461285
7.964765100671141
7.87603305785124
7.747088186356073
7.791735537190083
7.638047138047138
7.78036605657238
7.462068965517242
7.859504132231405
7.595432300163132
7.428082191780822
8.034825870646767
7.331114808652246
7.4878892733564015
7.692561983471075
7.340567612687813
7.601666666666667
7.425460636515913
7.395509499136442
7.039451114922813
7.62129144851658
7.735068912710567
7.7973856209150325
7.572831423895254
7.586805555555555
7.684210526315789
7.482993197278912
7.602627257799671
7.48639455782313
7.408403361344538
7.263414634146342
7.51360544217687
7.387658227848101
7.335
7.449838187702265
7.6262458471760795
7.3008264462809915
6.628366247755835
7.380281690140845
7.371633752244165
7.323577235772357
7.370429252782194
7.354166666666667
7.220640569395018
7.2270531400966185
7.1060869565217395
7.496699669966997
6.988313856427379
6.835034013605442
6.977815699658703
6.9631490787269685
6.841836734693878
7.0881410256410255
6.801369863013699
7.144012944983818
6.922297297297297
6.575045207956601
7.081218274111675
6.83003300330033
7.085106382978723
7.49344262295082
7.004739336492891
7.070469798657718
6.826758147512865
6.796819787985866
7.054514480408859
6.51705565529623
6.993650793650794
6.994991652754591
6.486666666666666
6.935323383084577
6.883138564273789
7.014084507042254
6.7864238410596025
6.810084033613445
6.576298701298701
7.044776119402985
6.685
7.064516129032258
6.726050420168067
7.417840375586854
6.647457627118644
6.542461005199307
6.909395973154362
6.811965811965812
7.290372670807454
6.813036020583191
6.883138564273789
6.97092084006462
7.069291338582677
6.672787979966611
6.835871404399323
6.57
6.962418300653595
6.577223088923557
6.6731107205623905
6.591803278688524
6.60731319554849
6.515859766277129
6.688206785137318
6.64696223316913
7.22884012539185
6.695798319327731
6.914239482200648
6.879478827361564
6.877419354838709
6.587646076794658
6.828843106180666
6.398601398601398
6.893416927899686
6.5664451827242525
6.4278606965174125
6.669421487603306
6.750402576489533
6.624796084828711
6.954765751211632
6.359322033898305
6.349565217391304
6.617056856187291
6.46218487394958
6.595317725752508
6.807131280388979
6.5667752442996745
6.499181669394435
6.801011804384486
6.516666666666667
6.687203791469194
6.572131147540984
6.610927152317881
6.295971978984238
6.515447154471545
6.692434210526316
6.387788778877888
6.3367174280879865
6.792332268370607
6.6921875
6.795608108108108
6.3969335604770015
6.470486111111111
6.6558441558441555
6.621262458471761
6.491961414790997
6.5
6.720779220779221
6.4789644012944985
6.102702702702703
6.430693069306931
6.4110738255033555
6.8047138047138045
6.585874799357946
6.32
6.860068259385666
6.518927444794953
6.2912457912457915
6.6753846153846155
6.4375
6.536013400335008
6.268421052631579
6.459866220735786
6.380191693290735
6.370431893687708
6.468051118210862
6.379965457685665
6.263245033112582
6.385906040268456
6.302083333333333
6.318770226537217
6.440944881889764
6.308562197092084
6.260869565217392
5.965576592082616
6.401006711409396
6.035653650254669
6.4623115577889445
6.421052631578948
6.4869281045751634
6.399366085578447
6.456293706293707
6.353820598006645
6.407986111111111
6.5756630265210605
6.265676567656766
6.2802653399668324
6.463414634146342
6.231686541737649
6.353035143769968
6.405629139072848
6.114922813036021
6.285714285714286
6.343283582089552
6.254083484573503
5.993127147766323
6.362270450751252
6.431438127090301
6.133217993079585
6.3980263157894735
6.376859504132232
6.237691001697793
6.179180887372014
6.225473321858864
6.376666666666667
6.1821366024518385
6.387149917627677
6.096054888507719
6.482982171799027
6.320598006644518
6.065767284991568
6.553945249597423
6.311074918566775
5.977312390924957
6.098786828422877
6.182266009852217
6.181219110378913
6.254515599343185
6.254125412541254
6.210702341137123
6.061082024432809
6.390243902439025
6.678071539657854
6.0144927536231885
5.987804878048781
6.136206896551724
6.123728813559322
6.255932203389831
6.135761589403973
6.296875
5.9625
6.23583460949464
6.125418060200669
6.226027397260274
6.28665568369028
6.4200988467874796
6.36695652173913
6.127419354838709
6.324915824915825
6.298387096774194
6.076794657762938
6.406976744186046
6.108731466227348
6.182579564489112
6.193656093489149
6.3116666666666665
6.605610561056106
6.332781456953643
6.125603864734299
6.247648902821316
6.181972789115647
6.1338842975206616
6.105704697986577
6.3533333333333335
6.0492610837438425
6.05503144654088
6.346456692913386
6.207606973058637
6.158516020236088
6.278219395866454
6.046822742474917
6.0144927536231885
6.256488549618321
6.2096
6.086206896551724
5.849290780141844
5.728813559322034
6.029310344827586
6.226148409893993
6.11608623548922
6.026143790849673
6.09059829059829
6.104477611940299
6.221690590111643
6.046075085324232
6.198675496688741
5.9784053156146175
6.301346801346801
5.768041237113402
6.029268292682927
6.435483870967742
6.254777070063694
6.255737704918033
6.01505016722408
6.132328308207705
5.7403508771929825
5.870855148342059
6.188311688311688
5.969543147208122
5.861952861952862
6.09106830122592
5.991749174917492
6.059021922428331
6.184692179700499
6.144827586206897
6.291457286432161
5.952961672473868
6.305511811023622
6.020168067226891
5.840796019900497
6.022413793103448
5.885665529010239
6.182108626198083
5.974271012006861
6.3701923076923075
5.984667802385008
5.928689883913765
6.085714285714285
6.066558441558442
6.147299509001637
5.713322091062395
5.74468085106383
5.762135922330097
6.312893081761007
5.703333333333333
5.923728813559322
5.861646234676007
5.903553299492386
5.952456418383518
5.974151857835218
5.693548387096774
6.2136075949367084
6.07051282051282
6.109120521172638
6.048821548821548
5.862306368330465
5.792869269949066
6.196694214876033
6.111821086261981
6.083061889250814
6.061990212071779
5.785953177257525
5.855263157894737
5.679930795847751
6.1037891268533775
6.0
5.698815566835871
5.710924369747899
5.972039473684211
6.04421768707483
5.795918367346939
5.898799313893654
5.960344827586207
6.018927444794953
5.754180602006689
5.91437802907916
5.917089678510998
5.9109243697478995
5.680327868852459
6.0311986863711
5.60304054054054
5.9575856443719415
5.910774410774411
5.710310965630114
5.9243421052631575
6.0
5.906821963394343
5.980165289256198
5.936454849498328
5.801680672268907
5.762308998302207
5.825719120135364
6.044045676998369
5.625668449197861
5.938294010889292
5.721934369602764
5.993589743589744
6.343598055105349
5.918032786885246
5.46815834767642
5.979381443298969
5.878887070376432
6.040650406504065
5.894353369763206
5.835255354200989
5.769491525423729
5.803600654664485
5.986038394415358
6.210200927357032
5.892628205128205
5.843537414965986
5.905245346869712
5.938311688311688
5.9168
6.092819614711034
6.067681895093062
6.299516908212561
6.131067961165049
6.139767054908486
5.8563829787234045
5.989966555183947
5.965964343598055
5.954144620811287
5.842016806722689
5.909390444810544
5.975728155339806
5.776247848537005
5.87751677852349
5.770017035775128
5.9852459016393444
5.967213114754099
5.914858096828047
5.695867768595042
5.924657534246576
6.099502487562189
6.009538950715421
6.008445945945946
5.965095986038395
5.927986906710311
5.766778523489933
5.782820097244732
5.807817589576548
5.7055921052631575
5.918727915194347
5.750877192982456
6.307443365695793
5.9411764705882355
6.035058430717863
6.117744610281924
6.23202614379085
5.746666666666667
5.7055921052631575
5.839622641509434
5.867549668874172
6.059308072487644
5.802047781569966
5.800658978583196
5.722033898305085
5.905
5.679530201342282
6.120135363790186
5.791666666666667
5.707979626485569
6.0
5.947643979057592
5.726247987117552
5.998363338788871
6.032148900169204
5.788333333333333
5.985318107667211
6.019575856443719
6.041050903119869
5.735652173913043
5.872204472843451
5.818027210884353
5.709243697478992
5.724020442930153
5.740677966101695
5.940350877192983
5.624365482233503
5.79447322970639
5.928807947019868
6.104454685099847
5.633217993079585
6.093220338983051
5.893481717011129
5.836276083467094
6.005119453924915
5.792604501607717
5.630794701986755
5.846153846153846
5.939778129952456
5.9214402618657935
5.911037891268534
5.738983050847458
5.983948635634029
6.120578778135048
5.5964285714285715
5.783276450511946
6.203416149068323
5.715827338129497
5.595993322203673
5.8684654300168635
6.241042345276873
5.614864864864865
5.71830985915493
5.859589041095891
6.206840390879479
5.725126475548061
6.013490725126475
5.940677966101695
5.875
6.044515103338632
5.796694214876033
5.447602131438721
5.969387755102041
5.896923076923077
5.76949740034662
6.01015228426396
6.060504201680672
5.715265866209262
5.798092209856915
5.929853181076672
5.656583629893238
5.839403973509934
5.71043771043771
6.03236797274276
5.8550955414012735
6.068376068376068
5.959612277867528
5.849662162162162
5.924657534246576
5.927461139896373
6.2562111801242235
6.213826366559486
5.909547738693467
6.127158555729984
5.852649006622516
6.437299035369775
5.8832236842105265
5.615780445969126
6.213008130081301
5.655
5.907317073170732
5.979274611398964
6.1792763157894735
5.703448275862069
6.102819237147595
5.791044776119403
5.931780366056572
6.104065040650407
5.933656957928803
6.058724832214765
5.94620253164557
5.9812925170068025
6.012987012987013
5.73448275862069
5.881270903010034
5.864527629233511
5.988352745424293
5.82890365448505
6.031772575250836
6.085714285714285
5.7380560131795715
6.082918739635158
5.806070826306914
5.734453781512605
5.710659898477157
6.269662921348314
5.698214285714286
5.886054421768708
6.028716216216216
6.026359143327842
5.88663282571912
5.791452991452991
5.942244224422442
5.888888888888889
5.74430823117338
5.458620689655173
5.833610648918469
5.84983498349835
5.866548042704626
5.548440065681445
6.205371248025276
5.7645107794361525
5.934640522875817
5.8072487644151565
5.958540630182421
5.9052132701421804
5.859459459459459
5.743150684931507
5.737623762376238
5.68630849220104
6.091954022988506
5.602739726027397
5.925663716814159
5.72680412371134
5.82013201320132
5.840322580645161
5.5
5.986733001658375
5.810289389067524
5.993333333333333
5.937823834196891
5.914927768860353
6.1057851239669425
5.818181818181818
6.010016694490818
6.027508090614886
5.8019480519480515
5.8392554991539765
5.589285714285714
6.001652892561983
5.827361563517916
6.257851239669422
6.238993710691824
5.880398671096345
5.770867430441898
5.8482293423271505
6.185471406491499
6.078778135048232
5.973244147157191
6.06218487394958
5.925549915397631
5.821989528795812
5.9423076923076925
6.128824476650563
6.114285714285714
6.324281150159744
5.9655172413793105
5.922345483359747
5.844911147011309
6.1457286432160805
6.018803418803419
5.870588235294117
5.891268533772652
6.0201005025125625
6.009724473257698
5.770293609671848
5.993388429752066
6.19281045751634
5.886217948717949
5.940374787052811
5.657377049180328
6.110927152317881
6.252086811352254
6.107491856677524
6.0928
5.876422764227642
5.786195286195286
5.980891719745223
6.0015822784810124
6.112745098039215
6.1748031496063
5.972413793103448
5.636998254799302
5.88125
6.022950819672131
5.671052631578948
6.036363636363636
6.154929577464789
5.856687898089172
5.954159592529711
6.02195945945946
5.450530035335689
5.660958904109589
5.917445482866044
6.1537216828478964
5.930194805194805
6.043333333333333
5.655
5.68374558303887
5.820998278829604
5.827868852459017
5.736283185840708
6.013722126929674
5.777966101694915
5.908163265306122
5.763478260869565
5.62248322147651
5.872937293729373
5.4928057553956835
5.666107382550336
5.8147512864493995
5.930463576158941
5.793402777777778
5.917741935483871
5.933447098976109
5.7779690189328745
5.879194630872483
6.135399673735726
6.103448275862069
5.813148788927336
6.039723661485319
6.112480739599384
6.023809523809524
5.75503355704698
5.9866888519134775
5.886885245901639
6.20483870967742
6.003466204506066
5.832191780821918
5.96763202725724
6.2676923076923075
5.998392282958199
5.7698675496688745
6.10912343470483
5.767764298093588
6.048986486486487
6.016025641025641
5.907718120805369
5.9847715736040605
6.077302631578948
5.848484848484849
5.925986842105263
5.720198675496689
5.761744966442953
5.875394321766562
5.677029360967185
6.269413629160064
6.0269413629160065
5.930921052631579
5.952
6.044117647058823
6.023291925465839
6.032206119162641
5.822445561139029
5.871428571428571
5.957983193277311
5.88448275862069
5.464539007092198
5.99185667752443
6.1761904761904765
5.915032679738562
5.9342560553633215
6.0289193302891935
5.952145214521452
6.057377049180328
5.98330550918197
5.89527027027027
5.605084745762712
5.923076923076923
5.9637223974763405
5.773037542662116
6.117161716171617
5.646464646464646
6.151919866444073
5.695885509838998
6.090909090909091
6.1827242524916945
5.662116040955631
6.1766513056835635
5.819112627986348
5.996688741721854
6.065602836879433
5.787337662337662
6.671664167916042
5.916107382550336
5.576051779935275
5.915702479338843
5.56369982547993
5.842787682333873
6.064935064935065
5.865748709122203
5.845238095238095
5.961335676625659
5.543478260869565
5.799668874172186
5.747457627118644
5.845541401273885
5.994983277591973
5.7084019769357495
5.495016611295681
5.882825040128411
6.072607260726072
6.051194539249146
5.879227053140097
6.0654664484451715
5.760539629005059
5.875205254515599
5.606498194945848
5.8066115702479335
6.071656050955414
5.985123966942148
5.98019801980198
5.603927986906711
6.05984251968504
6.0108191653786704
5.877342419080068
6.125838926174497
6.115843270868824
5.621087314662273
6.00489396411093
6.018425460636516
5.755980861244019
6.129508196721312
5.9951923076923075
5.612349914236707
5.803600654664485
5.846153846153846
5.951298701298701
5.909246575342466
5.983525535420099
6.053921568627451
5.876602564102564
5.683219178082192
5.833049403747871
5.7425249169435215
5.787234042553192
6.02317880794702
5.896907216494846
5.685714285714286
5.771378708551484
5.877049180327869
5.982113821138212
5.668358714043993
5.970099667774086
5.909722222222222
6.049441786283891
6.174055829228243
5.861252115059222
5.85781990521327
5.998397435897436
6.092868988391376
6.208064516129032
5.82516339869281
6.114701130856219
6.117039586919105
5.734006734006734
5.7965217391304344
5.874137931034483
6.151898734177215
5.848434925864909
5.7318718381112985
6.127358490566038
6.261666666666667
5.872448979591836
5.59581881533101
6.241100323624596
5.851351351351352
5.826086956521739
6.1154446177847115
5.738175675675675
5.796052631578948
5.700680272108843
5.83248730964467
6.003412969283277
6.058528428093646
5.932642487046632
5.827338129496403
5.9984177215189876
5.923714759535655
5.68013468013468
6.030874785591767
5.899653979238754
5.7927461139896375
5.652892561983471
6.077966101694916
6.1302876480541455
5.649373881932021
6.108108108108108
5.657237936772047
5.960720130932897
5.808333333333334
5.792253521126761
5.9865771812080535
5.783216783216783
5.7227891156462585
5.888111888111888
5.856896551724138
5.866554054054054
6.028006589785832
6.025356576862124
6.182539682539683
5.8938356164383565
5.899488926746167
6.139240506329114
5.805555555555555
5.901724137931034
5.952066115702479
5.747810858143608
5.92967409948542
6.102649006622516
5.97879282218597
6.04906937394247
5.915721231766613
5.9983108108108105
5.855946398659967
5.990430622009569
5.829103214890017
5.777192982456141
6.0625
5.549084858569052
6.124579124579125
5.818780889621087
5.78391959798995
5.922297297297297
5.921901528013582
5.9537953795379535
5.722756410256411
5.936995153473344
5.746621621621622
5.896272285251215
6.046548956661316
5.780918727915195
5.716468590831918
5.968602825745683
5.834482758620689
5.532554257095159
5.647746243739566
5.996710526315789
5.954782608695652
5.852112676056338
6.227045075125209
5.847790507364976
5.863713798977853
6.006666666666667
5.738916256157635
5.878688524590164
6.138977635782748
5.744224422442244
5.983361064891847
5.847368421052631
6.129508196721312
5.99151103565365
6.088524590163934
5.6156648451730415
5.861022364217252
6.108589951377634
5.833610648918469
6.0678513731825525
6.065068493150685
6.059021922428331
5.932525951557094
6.1888
5.760942760942761
5.884868421052632
5.829187396351576
6.003327787021631
6.023510971786834
5.663316582914573
6.142857142857143
5.6948853615520285
6.185314685314685
6.096446700507614
5.993537964458804
6.1072
5.6084745762711865
5.582637729549249
5.824531516183987
5.816
6.075907590759076
5.767169179229481
5.704778156996587
5.846410684474123
6.1120401337792645
5.878836833602585
5.988095238095238
5.8697123519458545
5.932885906040268
5.641025641025641
5.690559440559441
5.719798657718121
5.863636363636363
5.948553054662379
5.738382099827883
5.943201376936317
5.985623003194888
5.850328947368421
5.913322632423756
5.7611940298507465
5.956953642384106
5.7683333333333335
5.909090909090909
5.882352941176471
5.770017035775128
6.128482972136223
5.933797909407666
6.036363636363636
6.168852459016393
5.866220735785953
5.894179894179894
6.179080824088748
5.7730263157894735
6.027118644067796
5.815307820299501
5.974193548387097
6.163961038961039
6.029126213592233
5.938211382113821
6.069767441860465
6.0528
6.010434782608695
6.166107382550336
5.803082191780822
6.147672552166934
6.297839506172839
6.10732538330494
6.240901213171577
5.861386138613861
6.1532125205930805
5.917369308600337
5.822335025380711
6.132669983416252
6.104065040650407
5.826235093696763
6.001709401709402
5.763888888888889
6.0604133545310015
5.803921568627451
6.106687898089172
5.604166666666667
5.760195758564437
5.954323001631321
5.703577512776832
6.130016051364366