
222.0
226.0
217.0
245.0
230.0
198.0
210.0
227.0
161.0
203.0
173.0
180.0
190.0
194.0
189.0
190.0
218.0
148.0
190.0
217.0
200.0
190.0
180.0
180.0
187.0
154.0
195.0
158.0
144.0
199.0
131.0
179.0
173.0
137.0
169.0
165.0
163.0
123.0
176.0
203.0
192.0
204.0
162.0
167.0
166.0
163.0
146.0
163.0
163.0
157.0
161.0
142.0
151.0
158.0
146.0
82.0
168.0
107.0
168.0
169.0
146.0
122.0
134.0
118.0
155.0
141.0
95.0
115.0
121.0
119.0
124.0
119.0
132.0
105.0
96.0
113.0
108.0
136.0
165.0
128.0
110.0
108.0
82.0
97.0
77.0
130.0
135.0
92.0
116.0
112.0
134.0
103.0
118.0
89.0
143.0
106.0
84.0
92.0
160.0
99.0
74.0
123.0
104.0
161.0
96.0
114.0
116.0
132.0
101.0
88.0
80.0
118.0
99.0
92.0
104.0
93.0
78.0
112.0
102.0
140.0
78.0
115.0
115.0
115.0
79.0
110.0
65.0
147.0
92.0
67.0
92.0
95.0
88.0
110.0
78.0
80.0
89.0
67.0
75.0
108.0
86.0
75.0
103.0
85.0
104.0
96.0
101.0
51.0
104.0
85.0
74.0
74.0
119.0
106.0
97.0
69.0
68.0
97.0
93.0
90.0
86.0
91.0
92.0
49.0
67.0
67.0
96.0
83.0
66.0
80.0
93.0
66.0
105.0
78.0
75.0
61.0
72.0
72.0
69.0
65.0
77.0
67.0
62.0
64.0
82.0
82.0
77.0
70.0
46.0
71.0
45.0
78.0
77.0
79.0
82.0
75.0
67.0
75.0
89.0
73.0
68.0
61.0
52.0
88.0
67.0
67.0
63.0
83.0
49.0
46.0
79.0
81.0
55.0
79.0
70.0
74.0
52.0
62.0
62.0
64.0
78.0
59.0
83.0
70.0
52.0
78.0
68.0
43.0
58.0
60.0
59.0
66.0
69.0
60.0
45.0
71.0
82.0
46.0
63.0
53.0
60.0
60.0
66.0
55.0
53.0
74.0
61.0
48.0
80.0
69.0
47.0
55.0
74.0
68.0
55.0
76.0
61.0
56.0
67.0
69.0
79.0
55.0
65.0
67.0
66.0
44.0
58.0
79.0
48.0
75.0
74.0
67.0
58.0
62.0
60.0
56.0
66.0
63.0
70.0
50.0
47.0
49.0
53.0
58.0
53.0
58.0
60.0
66.0
58.0
77.0
45.0
68.0
41.0
60.0
78.0
48.0
74.0
62.0
59.0
46.0
46.0
64.0
51.0
55.0
57.0
47.0
55.0
56.0
66.0
80.0
47.0
98.0
49.0
49.0
51.0
46.0
68.0
43.0
89.0
57.0
49.0
52.0
50.0
51.0
46.0
47.0
39.0
66.0
44.0
41.0
44.0
45.0
64.0
48.0
34.0
76.0
62.0
69.0
46.0
46.0
48.0
67.0
59.0
61.0
53.0
45.0
47.0
45.0
65.0
52.0
50.0
52.0
57.0
53.0
42.0
46.0
52.0
57.0
42.0
56.0
51.0
49.0
37.0
69.0
42.0
64.0
45.0
45.0
47.0
42.0
53.0
56.0
54.0
41.0
40.0
43.0
57.0
39.0
39.0
45.0
67.0
71.0
50.0
28.0
54.0
54.0
65.0
58.0
50.0
47.0
44.0
63.0
72.0
44.0
52.0
41.0
46.0
47.0
48.0
57.0
70.0
78.0
75.0
50.0
53.0
48.0
56.0
62.0
55.0
59.0
55.0
54.0
46.0
60.0
55.0
44.0
48.0
39.0
72.0
51.0
58.0
50.0
52.0
43.0
47.0
58.0
44.0
50.0
33.0
83.0
55.0
60.0
55.0
73.0
55.0
38.0
49.0
48.0
61.0
51.0
52.0
38.0
51.0
44.0
66.0
50.0
48.0
62.0
53.0
46.0
48.0
49.0
35.0
57.0
33.0
43.0
44.0
58.0
46.0
45.0
44.0
35.0
59.0
40.0
31.0
62.0
72.0
37.0
52.0
51.0
40.0
56.0
51.0
43.0
48.0
64.0
55.0
64.0
52.0
59.0
61.0
35.0
49.0
82.0
28.0
40.0
49.0
63.0
29.0
51.0
50.0
72.0
47.0
52.0
44.0
54.0
60.0
56.0
28.0
47.0
62.0
40.0
56.0
54.0
49.0
50.0
45.0
45.0
57.0
49.0
59.0
59.0
65.0
57.0
47.0
54.0
53.0
72.0
70.0
65.0
79.0
50.0
93.0
59.0
39.0
68.0
30.0
61.0
57.0
62.0
40.0
60.0
51.0
65.0
64.0
57.0
61.0
50.0
57.0
55.0
44.0
51.0
45.0
47.0
54.0
56.0
59.0
46.0
56.0
40.0
41.0
32.0
90.0
48.0
47.0
62.0
66.0
48.0
45.0
62.0
79.0
48.0
38.0
51.0
58.0
35.0
43.0
77.0
43.0
50.0
42.0
57.0
45.0
47.0
45.0
42.0
29.0
49.0
43.0
45.0
37.0
55.0
64.0
28.0
50.0
49.0
53.0
53.0
48.0
57.0
38.0
52.0
60.0
40.0
53.0
49.0
47.0
50.0
67.0
72.0
58.0
40.0
47.0
74.0
64.0
66.0
60.0
60.0
48.0
60.0
59.0
60.0
79.0
51.0
53.0
43.0
51.0
47.0
36.0
51.0
62.0
54.0
47.0
63.0
59.0
44.0
48.0
34.0
55.0
73.0
67.0
64.0
48.0
38.0
57.0
53.0
62.0
75.0
51.0
38.0
60.0
72.0
34.0
52.0
64.0
73.0
53.0
43.0
25.0
45.0
56.0
69.0
54.0
58.0
40.0
37.0
44.0
52.0
46.0
48.0
42.0
46.0
46.0
47.0
53.0
37.0
35.0
51.0
57.0
39.0
44.0
49.0
59.0
54.0
55.0
70.0
44.0
53.0
72.0
49.0
55.0
53.0
46.0
64.0
52.0
48.0
51.0
64.0
57.0
46.0
53.0
44.0
56.0
58.0
42.0
55.0
63.0
49.0
41.0
45.0
46.0
46.0
40.0
77.0
56.0
51.0
70.0
69.0
61.0
52.0
46.0
61.0
47.0
40.0
34.0
64.0
61.0
58.0
68.0
66.0
55.0
65.0
56.0
58.0
41.0
46.0
56.0
45.0
72.0
36.0
46.0
43.0
60.0
64.0
35.0
78.0
47.0
58.0
81.0
32.0
94.0
52.0
38.0
53.0
34.0
57.0
63.0
43.0
44.0
37.0
39.0
46.0
47.0
56.0
65.0
34.0
34.0
55.0
51.0
59.0
49.0
59.0
50.0
68.0
30.0
57.0
73.0
61.0
63.0
46.0
67.0
68.0
50.0
54.0
76.0
31.0
46.0
61.0
39.0
38.0
60.0
37.0
51.0
39.0
52.0
44.0
51.0
55.0
53.0
41.0
53.0
44.0
50.0
62.0
55.0
42.0
50.0
52.0
68.0
43.0
63.0
53.0
54.0
71.0
65.0
60.0
63.0
62.0
64.0
61.0
71.0
56.0
47.0
50.0
58.0
79.0
52.0
44.0
73.0
68.0
50.0
28.0
67.0
60.0
49.0
72.0
46.0
46.0
44.0
59.0
50.0
62.0
44.0
47.0
61.0
65.0
32.0
48.0
36.0
55.0
31.0
65.0
60.0
24.0
62.0
35.0
51.0
50.0
42.0
58.0
43.0
38.0
45.0
63.0
60.0
69.0
59.0
79.0
47.0
53.0
60.0
48.0
52.0
49.0
49.0
46.0
60.0
56.0
58.0
47.0
72.0
58.0
59.0
43.0
31.0
61.0
30.0
58.0
47.0
37.0
54.0
48.0
49.0
34.0
59.0
50.0
57.0
65.0
48.0
37.0
63.0
37.0
35.0
39.0
67.0
60.0
44.0
87.0
44.0
50.0
49.0
49.0
43.0
55.0
48.0
48.0
38.0
60.0
51.0
61.0
25.0
44.0
54.0
56.0
55.0
47.0
65.0
39.0
76.0
50.0
54.0
36.0
40.0
56.0
27.0
65.0
41.0
70.0
63.0
55.0
62.0
38.0
36.0
40.0
55.0
57.0
54.0
39.0
52.0
54.0
53.0
52.0
38.0
41.0
41.0
45.0
42.0
41.0
73.0
48.0
57.0
68.0
46.0
59.0
45.0
51.0
51.0
51.0
37.0
56.0
76.0
41.0
57.0
72.0
45.0
48.0
48.0
48.0
68.0
50.0
51.0
65.0
54.0
44.0
39.0
59.0
54.0
56.0
37.0
66.0
78.0
37.0
62.0
49.0
72.0
57.0
50.0
62.0
61.0
50.0
52.0
45.0
53.0
53.0
65.0
40.0
37.0
59.0
36.0
70.0