
436.26944985189783
415.8646850671183
415.60169811250427
413.02673665212706
435.4272575859592
427.3412087934104
438.0184048730598
429.2721456813268
421.5319372974018
416.54210419591254
408.9723139288254
445.17745278653575
422.70789044388647
426.9973465261475
423.6800639357475
407.90939335600285
404.1067944491598
412.3872472683167
429.4076344019156
413.76054889412774
426.0627391950387
414.4793391037776
449.97272356878483
405.979604010299
420.39335873283324
426.8800531161187
430.8332046344469
454.0847311292396
422.94067497158386
432.8911237155306
454.7883725395326
410.50014566900643
434.25889069052255
452.3511545816773
418.47088287583347
419.62737768447244
407.8433127955144
438.94201706061983
391.3770545590247
434.0356064742259
420.5473244527866
412.7591292922287
415.9264413712398
397.3795913501814
395.4683927724456
449.3171385300757
445.0741272122194
420.0065573771026
422.2255140351699
432.6975214372941
458.06857036288704
424.10909549434456
438.15803941355824
440.54235548406814
424.72898536120664
379.7532439036459
428.7685519868419
427.3718200436464
424.2319135517456
413.4722515134604
449.65513016870034
411.5245376469734
435.11246367784554
401.2090237416169
426.54384538051545
389.4429082104952
412.92275838811645
428.95785539258816
413.2469610233467
410.2246090053225
437.62741967815083
386.45167682362245
413.27347980421484
425.3023236605717
378.21248583739737
421.7100216467302
410.2982224437389
421.1109022566381
405.11191864452223
404.0922023810682
413.5982779162632
394.8812374614064
388.9616532661972
429.6916077220985
386.62958464903596
431.623688094454
412.30213044017773
378.599154650603
400.2864986624727
414.10672685388374
401.47868572765185
430.18187341097484
378.50945600033884
413.25686079117895
393.08648862529856
399.54878182885216
390.63188492433613
400.38020735762774
457.3234157570747
382.7519066326252
373.75084060822047
372.23981729485456
392.90863150712084
423.216820551412
405.2356696215851
399.03351165907526
416.24046624763906
418.60317587530824
402.4862937352874
420.1010694512267
412.029508736871
400.91267341287505
411.6908534578994
396.8433019855912
379.6254665730524
408.4189976471405
415.94810126426
415.2179981136284
410.61371973607385
443.43067158247914
416.98562850571795
425.3749109060015
418.56482955480726
435.4751697133596
403.36703038006317
451.7568728334771
376.5102080513367
396.41545165883906
377.54198976554324
401.91625979329194
404.4996805498431
432.5695670825579
430.97878511784313
447.91514545006083
389.85459255808956
378.85541215613364
402.22355943951044
409.361683838266
389.89537787074016
386.46948589239435
417.2327431570984
397.3386407313652
428.1351551109432
409.4449488847203
425.82389473852726
380.24940824500595
401.8542124837378
414.7904637911188
369.83369781279106
390.7778031009101
399.62477856440506
365.2931427169767
388.991842167578
404.8598726640324
391.5321322432983
390.66053507565664
367.9720653073298
432.50846215317586
393.28092145006684
410.2476505260141
400.92546220758305
452.2159911397116
391.5270264532656
361.5205271690659
402.0533851720612
392.79917987236126
399.6264823679987
422.6743361909213
385.01180184082506
416.3654800785118
415.20754172530405
402.2273394098722
425.4442810218261
398.4315809610137
388.38551144617486
365.44022573817085
381.8797472475611
424.987778028223
409.7465585617334
437.2408215882184
391.4039480780016
387.02102211979974
387.3892115155217
385.2929869867441
399.1859689516456
403.9622458745605
417.1278994998749
393.24922935592093
392.39819611651626
380.5620221153786
403.0755416028843
400.68606197504465
394.4513993884699
419.8916834470039
384.4182224797016
380.94826952151305
401.67850301801093
382.4824837020421
418.88396799728235
379.75398171064285
399.4841979228828
404.8542713792307
382.5284421882189
415.7328557885694
403.5187794285239
342.8849138319879
360.52879216103895
370.46987545424133
380.2048519137822
375.96518916507307
401.5253268328736
370.96563932356264
393.6315575522674
397.92596137078374
403.0673845813666
357.97932472819986
384.8662780540932
395.30498660878254
419.3043358363246
369.1941636203145
390.54583260333385
383.58251148925797
398.2435139898188
396.9358961008094
372.2453568017521
397.3967116422708
411.4125925428219
371.110439007727
377.182369149505
376.0278760272846
382.34259292709396
409.3894054151341
407.48309414481974
394.20803798737336
396.6100632604988
402.0802756890511
442.09910496910754
368.3371327103383
355.84542601475886
382.24962002635954
383.6598458672728
397.9760710270325
369.764093258044
388.3403556984345
343.75039434294064
397.4646711153138
386.8097070087487
381.73107141068414
368.9156523587079
395.3337881127578
395.5557689709195
405.22938100328946
371.3616079243919
411.2000626769867
378.0058616514626
394.19284764834777
383.34048777316036
391.04680019925127
376.63961323262276
374.02659438536887
400.7697659791729
423.97094361307444
401.6573039760448
391.5172353831501
365.3886183819321
385.84101171414954
363.1279215286899
369.4378478858357
409.00405207129853
386.56174178357657
406.21026255702645
411.0174341884864
406.8451967661312
406.0763160663883
381.00708044218544
392.9950005263901
405.1179951980524
402.44514687085154
389.47272855679336
333.63623742706307
369.17548087537676
386.88432874259524
351.0389129661133
366.41442362646296
388.72726273131815
358.9455532223324
385.27619128515477
387.3962084125318
362.02072137587214
359.961316054365
384.5719480897527
379.92719198728935
367.6852996574955
376.4940184369177
375.143005290616
410.19677166543016
371.4242558781578
371.7521547564059
361.84669252735125
372.5881920984413
368.3974315460925
391.0064962336572
353.2936237293715
358.75330430897833
353.6446727201893
391.2628420120149
366.3881205324732
387.46573410294036
370.45532186924356
350.66914261871494
346.7016283017266
367.85989678088185
374.4109229906632
359.54971366003656
347.8805780578778
352.6208288178518
380.4970344894209
362.55997390878736
379.42776396051596
351.8341041240462
359.5586685247016
371.8390528925456
414.0779529070721
389.6090163132134
366.6327574911472
334.44810472914844
377.126884727008
402.50888111109896
372.647156716852
375.15786001199285
349.79623352767527
361.2780042889821
373.2331201738126
399.30317628347024
337.40798327368066
377.9152689079804
362.91403380177366
348.91365866227943
365.107559178996
352.63733428904254
357.0409558099731
343.24665716259284
381.10507090036515
349.0392631138037
366.1985146460977
366.1158666425518
370.40192737769075
320.0667963066492
330.1735520673443
352.59506843649785
333.80342120597925
319.533208371546
361.6163920534179
353.11774732359555
343.63409015027884
341.5518095479335
355.6834049401082
374.0492588744864
349.7740244454837
406.43019786723596
345.4956456879916
352.41623020948816
354.62157047549056
344.23825921349993
337.7094840502363
361.33500304719354
348.69878218810356
359.79831076883613
378.510403821653
337.82568168812145
381.41999542205576
350.913271409304
346.76611140866487
362.24488531429523
352.650931969389
347.2998052935674
381.75573254463256
318.23718719407714
344.1456518594495
335.4225894394473
367.9973095455253
377.4700565047747
371.57034442989783
315.47002627931136
335.2310493262772
323.2230739427753
351.1673052477317
314.3992838461044
343.8348018850894
334.37289773930263
344.0878757790212
330.2373385794748
389.1075173834623
370.9425654482002
344.96282737924446
352.1863032842609
364.13777376275414
361.8922220968344
337.5477926397728
341.4712150444433
368.2895173503695
351.2642322898739
340.33880018303944
311.4997691800744
341.21073151333803
355.2150627697629
313.59007678947364
332.1215340063063
351.80313835155806
373.1178660067377
305.4578153729038
347.4926690791483
324.04768006130695
359.32446621839046
350.48752121694935
348.04111853968067
334.09086227674993
348.2289993684148
333.42332694207533
367.1655735155558
330.0227699857336
351.54572086655935
359.5923754807301
345.01846563932116
358.1916682939342
341.3378550463327
349.21952455212096
312.5225942255149
320.3504433218151
347.4264294170405
355.20523160163077
339.027293161569
363.55521405868075
356.0068222014251
313.7740367719904
351.4188123233012
381.9343989866203
347.89577631026435
342.2801444499584
332.1455960844016
339.1904349528465
311.2421230586812
343.0291501989511
335.5628580602428
333.02142917599184
322.5165567493765
346.4215775280944
351.8350638424511
345.21743066024453
351.7449265461681
379.7881523820208
342.6151721160074
353.6124978262356
348.160652972108
393.2610086888849
372.864330265
333.1010283512832
339.10249365708063
326.6433330121058
347.55915513481386
343.9848868596474
337.2940574853381
318.73322101235976
339.14811861884635
345.5530568164388
325.1636929023474
375.19095552988546
343.52512169049425
356.46065426382273
361.19567070923915
358.8482622388371
336.76334201661047
357.6694817092597
357.1984280163357
345.02484600424714
367.0599815842535
368.8259858211676
337.2545876879193
326.8920070522756
360.93831307705665
352.77237653715287
311.3290599459114
320.018253531647
366.29957814994907
329.17435216329903
347.0650380898776
336.20569643013704
358.23371984092415
359.5176131631557
314.2388910423083
341.0491159188617
352.2908346305455
333.3092669666295
336.2384073940501
327.7457899001739
345.3627646478096
350.3258054961384
343.5318312275942
305.5593398280032
348.6532450048113
359.14240895666165
329.5333995875494
315.21488225114274
348.02603872497883
330.8027677575518
341.1707187221781
351.76767323862776
305.786202787976
338.0855572774593
347.795925520211
337.4170591185433
367.3995767490529
332.498834937943
342.69532899679905
346.73152663471626
325.07505462553354
306.4154705392788
371.62109724975306
370.3189839413344
335.1944199624369
368.9492480700077
345.005511728796
345.89724757759006
330.9247242437299
315.46238546418715
337.47315343984485
326.8212311862414
352.10155056522785
316.49319904932764
338.23894578244347
332.88293987151104
347.667287152754
350.4530804999915
333.2598472616762
388.09015060338277
359.1858956149169
365.4105862382584
374.3141810070807
368.10035297509046
359.68419967994146
327.4921894780624
345.13807162442157
341.2606207378458
366.50696609419936
345.5771691460298
351.106530856508
342.5303863456911
345.36893600166724
348.00942562260406
342.07982681964506
334.5931864450263
344.2061300186143
351.5924042731507
305.40749198489686
348.6821970655395
330.885836845651
343.48663619564206
338.075491390818
316.9180047066501
366.9486551028968
335.2981455583646
329.88364102765524
324.17340202628236
332.94565661273174
348.84948767941853
317.6353811135497
348.48428680262435
382.3407365871727
353.9518403917862
354.82904560723176
378.6633507847885
349.18071574227105
365.64932858814734
315.17569968855344
331.9482606487005
344.63408310627943
339.73863986681596
369.22074089748014
346.03920486834306
332.1811680654214
332.55621708168326
336.11198719382446
346.48851767403914
346.89345933500607
322.44327398917346
358.3660973441976
351.88606275839885
332.3632285551357
363.0332398875622
352.0948300141325
347.9681064811831
374.0002127819322
352.8025095488373
354.94421069385686
338.72158720025266
301.66854639769434
345.47358181552926
363.3270371095633
388.0838347514448
371.8645602619314
351.6488653047305
375.9530276559807
340.23033227932945
379.5424292565565
341.6729299830082
333.98213644783993
345.39842423143887
351.35452415375465
331.8719041813216
333.720840081456
369.38874119464595
327.44481831223476
344.8028313822487
361.0007565124929
375.47449175257805
363.8442457811531
352.48435576623194
338.81383099120654
317.7994499891525
347.41075027126374
322.7252769363568
360.36187952726203
331.2198049382969
346.91191640212975
362.1032106996632
365.7359114540182
329.01415844197936
349.90140407365874
353.6619774079063
347.74337342405767
369.43474390993975
352.69824098182903
340.92396479192865
359.57142526996466
358.17683664534155
374.99063237349674
362.3808625514895
365.8275000769446
330.09998959043384
317.14261063552175
375.99845110665126
340.217901382822
348.4730353310263
358.34039489972287
402.1590447584203
341.3399007781995
344.15781889465273
369.4807442137819
346.8759260084405
312.444290182177
373.85229083856393
345.3093071199102
379.5994189947991
344.5476737117742
339.075702155347
317.63962368512614
345.1914374707861
381.0660826259778
307.0821770185553
348.117825263197
342.0665611819521
362.4069569788503
324.27750814615007
335.7588140012801
355.103176932465
304.9299685584143
335.9761577549788
322.2781172099043
343.36087079709097
320.7617053214906
384.9305711945636
314.4426271465865
316.9408961577444
347.2941669088583
360.2859873599083
370.26501113806955
309.6140254436628
344.29657297744905
360.97615963916377
375.1806096785978
327.4800039354717
360.1025319096818
345.02307235638284
373.48834383355467
328.81922250597734
336.4755611995096
344.0072205383665
407.5865526002383
371.1514737161275
342.6926505586248
339.39561933971163
329.6821370694273
363.32897243900175
356.09293029532654
344.54762970888794
324.45864700671893
346.7808284640371
338.938497778437
363.31016404391255
337.8890711255034
343.12280022227753
356.22661865962885
328.4845579336391
356.2700351741781
359.4003238986056
322.2109346869809
346.02976347427676
344.63089395981814
377.1020335389046
357.3601646285095
343.6509843026906
341.47761221781684
345.0840043345453
357.31945229821923
299.6654062535663
349.98940527738495
360.57139963673797
342.2934124948032
319.40600317889596
383.76029487202067
324.91138809512427
342.42508420378806
328.4813547748894
342.6326311645315
333.1003432175438
335.08103612769725
367.28878377279364
339.3094912273048
346.41468584807893
335.897659338566
374.85018479609005
317.539199568499
343.89386885980946
332.8676526055567
322.0736678929157
367.3932337496135
334.49784307170705
322.73810047834405
287.64264839895753
353.3526842093484
395.136718642855
342.85130973856184
351.0119489736539
344.9616798839198
320.5987189807033
321.10948053205453
362.5522616349326
357.60415345927095
332.01787560224585
341.18754976638047
340.3415603107368
373.2736570421458
335.0249780825016
348.9387933148661
338.09662326685265
353.2949862312459
340.83232354668263
360.35443470559676
354.07714073360916
330.1682957908405
366.87921809521936
372.5084471706872
325.5957023086811
343.16207163404965
308.6871612445369
337.6773430485544
335.30330161054474
319.0407238374242
342.90583853420986
346.2732212205763
344.67040633843465
361.4320043387444
335.823466442189
342.69411057885895
330.1895865703261
349.3987424483489
385.2091542890246
350.1491604224555
373.62636442470085
382.4345041525524
370.3596702668585
331.17965583008606
356.77552554988023
360.6662111586064
345.0438839529894
357.89844948489457
357.89571687358
323.2994231559876
345.7386379181986
330.0390650134286
348.8761124808658
354.23048722753276
320.79242312044533
357.04446931437855
329.0583436024657
341.11857048421854
312.08056969963866
346.96814691077077
381.1214500258434
336.2650513220832
346.3667564826683
324.0480189691522
379.1229187607385
335.429675710296
334.53546146444796
362.1684366368115
365.0818525832222
341.05847107742653
370.16387714144827
338.66759691064374
332.34678211424546
360.86945743534847
317.36750405562555
343.3723374092336
318.9783044652585
352.8026146353141
358.1903785910908
331.0506012509453
381.44783267375885
343.69150219750543
342.39859142172224
340.7207698975213
382.25168108666463
328.1795472415802
318.88967468900876
371.4582841548233
348.5856574023422
330.85585373947276
346.77303960098743
338.3422327430799
338.6623227248789
334.4130728290157
329.76646099217805
308.83396445124356
348.8091544347247
317.4655342533867
339.3333097032004
355.50960486639013
348.4337493532118
320.1337238744847
354.09644824824915
339.35818434790104
344.44847598926464
341.2000071119288
366.45738684112155
335.11129321660167
359.1114809132991
342.9115163416465
332.0363801960233
324.56561601538533
324.80018182087684
343.8545910940996
313.97995139416366
307.8954739029856
340.9945610349098
352.93991021088846
363.6248863942862
365.4338336737795
325.8556701305126
311.38390138641734
376.73558541114005
344.84881334680557
313.66649399950495
369.62158119112803
308.90542718973813
336.6669084965639
374.5375171907548
348.62721980847243
348.70544831967766
344.3460615275238
313.68520013062954
322.90534884124673
354.15526837745324
326.67340765111214
327.929121022236
352.4251851205702
346.4787889324242
333.09463410129297
335.60953280315397
349.7520891021462
312.9217012764509
331.28620680707246
369.4647650514412
357.50289340775015
348.78896149736335
336.33747338248344
355.40965584654816
348.8516823593103
311.9444850511194
334.01155249576436
338.00420597515824
337.0716629104667
339.4950127182559
331.4393792332178
347.47354915884546
316.75525713341926
326.15974557882987
319.07567458287065
364.3569188741085
333.9458528404575
359.6499673487316
335.26930792453743
355.95799008470186
382.47086930814515
336.80487397847213
366.78059027489496
343.5571265863713
357.1607895064488
337.7052686366733
361.66386443723275
307.8868585941984
350.23278498491965
353.682636934899
330.71718201027954
368.2538419398727
339.3941137581282
325.4933740172937
341.6910333566575
347.85682401861425
325.9094009584213
351.9120545407237
359.271737197567
369.5789236059558
357.9202987429374
348.10857080228914
367.9794279524757
298.8735570761039
297.6649798434805
339.7352756339405
351.01678956327646
356.19748180230147
317.5519908805495
324.80255073721213
326.71917456739914
337.5904855072447
347.90871105198073
317.8194773450938
333.05051606402355
345.2076044831594
367.80726672007484
358.849738941021
334.2637147707866
332.47607264581336
345.55222914419085
327.38474726314814
309.0204531756699
322.8346366370061
304.4713492870621
317.3921178881496
318.76623368290603
317.3647141468484
330.8523952630977
364.05319693149795
359.1354291905165
342.81990277974984
369.81483541259763
344.6372994449597
342.87143700829813
396.24448280409445
326.6491129918952
357.24546075298383
326.21286713808394
355.0412496244924
351.49175165458803
347.42007958710775
315.3544307656394
412.67450843246354
328.6464230241153
320.5783677896311
347.1659177301774
349.58820186510735
351.5169683592128
364.19745825660306
355.52080748425806
346.6830104158689
351.46544999232117
341.97738279305094
383.14570830967523
333.288284397496
371.99550416688777
392.96196784436756
354.8982237092538
323.56407777065016
350.9910858957364
369.4674855337963
344.89743185545035
319.1567421153433
333.1878918535314
354.8946088276085
319.7286669940857
324.9135703050928
301.54021469172375
348.0467601063021
348.8148288035073
377.9367739837035
307.9306405728008
366.5065624484474
315.7125357207775
328.3204913427722
349.04689122228746