
331.0211900500922
335.79959434413433
311.7083880929333
306.42499096411746
327.45483803681617
350.0716205812063
344.83254053891835
311.1059034970889
406.1012498849462
363.5715017739444
381.77209585424373
397.75071898632586
380.5550941266933
355.6079434046449
375.48732812129253
350.46561321351567
333.8893200354491
440.1891388381162
387.1047276971152
316.95137729964733
363.0632845414753
386.3751788215675
389.51028571725385
391.76481420579773
384.345605669674
418.1998438792668
369.4702609817162
452.3503716701168
450.14033136873167
356.02907963376333
492.9868415449182
377.837516682209
422.6013149302122
466.90062240661825
423.86233044236633
433.1476849468685
408.86525573715755
495.3580271382613
381.8079390673429
438.752500971624
394.9507842906106
376.8423602896526
401.7056791761729
430.2606293687513
422.1959739354126
445.13509879575315
436.48371966260066
433.2986060394593
469.4920470884784
426.91888867145764
476.80291017304774
488.6249517048127
485.326501463336
442.7219384769185
480.77628294221495
573.9640820295874
495.94164846450457
479.4037857358306
449.90266911088554
478.58058525124227
502.9143495655865
473.41491802773345
527.7970118844396
508.969400639999
469.3503134094638
515.2053331554981
582.7023673521649
522.9093537908805
540.5750838220682
533.639547659618
564.6026182462831
535.6069522385595
546.3986486501653
552.3053373839682
542.5518363571871
540.5143385470417
584.8120851049482
526.6101012686711
463.746469199245
584.9491922633185
561.6980512112277
552.1319719017956
579.0821826082605
553.1239272143237
582.2715579531484
565.3844618229206
508.8995623125605
635.3300850367425
568.0801018620344
565.9380731983154
583.7395393864374
579.8958817188961
568.3715893473855
643.1856949288479
521.5232608664267
588.2682637167866
556.2768352775407
603.8677057802536
495.708982387025
593.6574818059503
633.5867561340465
555.2263242251246
570.1267396362014
521.626557295989
572.790989635493
565.4031478850734
582.2729536106245
578.0418891099719
596.5143378539199
593.3999651414467
634.3674373876946
581.355761247102
667.4667907026812
566.7805493017295
622.7968643542674
655.459812853501
638.0618309768182
596.5857340057572
608.3118851089711
548.0048921274505
623.869486938268
584.0928986022079
579.6861710545754
583.9350982989649
640.0615822779722
601.4328544374986
640.542704147114
571.6986030720627
638.8200269423936
678.0822613154338
619.9650288823426
622.5440287339443
630.7764182400439
579.3483248087977
643.3030924088708
619.0226209739945
619.0533580678391
659.6968011785864
651.4996850826526
618.7920777758656
644.2041275960943
675.9500301916573
565.7355761701281
631.8268432399684
641.036325813988
642.2014455367673
606.2912926638785
654.6504158088848
643.5359998088977
650.9611829470534
673.2432806118705
666.7763991249676
608.6752108636047
653.2995803129592
600.7210082553237
655.6488712986536
643.3896050010937
614.7695066035699
619.4418922431826
658.4834368331
652.6892249338132
617.9986473249476
661.0194633456052
661.3093350075442
685.2032845702273
674.5250456237281
594.2846870392234
660.6939601560978
643.1163313264954
601.6628280386516
674.0959379294255
670.5650613140157
661.5541538045393
666.4639676337299
659.8950699708832
659.0484985168708
665.7780185183915
698.908727651961
673.0353615420062
705.5500791025653
625.6679128918915
694.3185279868567
689.5460842131276
652.8286665055534
682.2910885729011
702.6091510133631
679.1200573088747
713.5655636158149
700.1274514718298
671.0347400335522
708.7855032666207
649.1473373888781
704.7504073878092
656.2347850952799
708.652354132745
620.9319765132025
682.5467366510524
627.765430154257
689.0085949817721
686.9562677579381
680.4956460843622
711.6504892515946
697.3434465861493
670.5965542088659
681.6697180876007
682.901948054913
691.7006872510273
663.6036835453586
642.3421101596545
712.3750997789055
651.1947122502506
658.981086863567
667.447882806993
660.4893788358025
679.5228384754669
671.0935981749283
696.7677454000054
660.2612100204549
673.3786421744023
657.5657510081277
672.5304162753239
679.5756101213841
667.4960208034845
675.7602904390344
718.1676745659564
687.5455952296013
692.3022947244074
702.3682251396147
672.3484556596784
724.8280799907405
723.1675493016716
695.0933124129335
680.6679214503389
696.0904804161186
683.4769011266263
693.0934693747906
684.2641896162103
663.2479376451772
675.0639969449466
688.032807707297
687.5977990203254
676.6099359786622
711.0341037115656
672.1271131930544
674.841539137853
759.912422536546
698.4086554628534
700.5930786676347
679.9781959401436
686.1306737337025
676.3664255529319
743.350075757086
665.8992218217018
705.0955749992222
723.630787501468
669.2942973947572
712.6879530200631
700.2697797557933
695.3261306255534
690.0484843834963
656.4349168033493
692.0346643540141
719.4395594066574
749.6752301047745
684.3778424587472
744.4756326702666
718.4388879926332
669.9161499140357
733.5756590067972
737.0531822369412
717.3150214600192
726.6741642443079
680.8594205846936
735.9975161719234
703.5825617499734
745.9324939304003
773.3838656487887
729.2595221716432
746.5484100359047
697.2629680741968
735.3930250601588
697.0587957995451
678.7067495380735
726.5917711124721
741.1444844766967
698.5876143115881
709.8481437023463
731.9503009594557
696.521873157391
691.6143950876019
739.6928782674588
672.4017988543061
734.3766919345949
735.5563209834938
699.3118846351136
760.5887932215694
699.3554613477418
710.5180724320855
717.1119827928383
696.6046282231448
699.0059201705561
718.7361825448
733.9921636988188
727.356715194551
675.4022655334642
738.9828692764147
716.8569349996188
713.4990650874063
661.0783697617222
673.3572821016951
713.5907553229259
697.2981151445498
726.92789636066
754.923625193518
709.8811231614909
732.0665404084631
730.2756628942873
727.5104938876037
688.4568719394725
707.7675215509062
752.4049504553564
720.531556327011
736.4563010929958
737.191562526714
741.717276017044
706.0116416077674
789.6766749594306
738.4221750871791
752.0883523633439
738.2315210565083
708.673828870678
739.6996554753173
758.8583492477452
756.2983220114294
722.214970630019
729.0856932351259
757.7708352030161
730.0070680389898
737.6176574275845
727.3005331055058
732.8100525460006
718.2729145375954
752.0261756226862
747.7001517587555
753.4360183595812
753.5343027998279
757.5875486289966
746.8545206023653
735.576977411403
730.8598868935089
747.8821129845453
762.2799289482355
740.046749329064
719.3343191785895
753.7430265541632
734.2260668954023
707.3354099942468
781.1270663096368
768.1527027065204
742.0450499973302
734.1196961300052
738.1740666448395
797.5207030793782
729.2657817750646
769.7159581512385
736.3081409771243
750.672216575925
780.8374249574057
756.7516919894127
753.5291730989773
732.4275895654055
747.6669545390383
738.6621049505407
757.8887955905741
754.1996822928426
752.8605976565626
741.0873232095589
730.5183951087176
688.6440821249671
738.4970489937265
750.2419450207585
713.6433475536045
755.1938008701028
795.7701141909514
721.053792716825
782.1013440142461
740.9881408602672
668.0248341464306
773.5142290475716
754.2976750615005
790.7728321223467
684.4947435868442
758.4906295124774
792.6569245862368
732.7217443332917
751.5551488603377
780.1255630617242
794.689792326428
707.068232394832
721.6055554568617
728.5135698475801
721.0515924912029
706.8593543183115
714.1053022456706
747.4911996408339
780.0097856403419
704.4439283350491
728.3571176042699
752.7379764839845
749.662391261585
736.2920484022974
740.1004086693059
757.5434453214273
740.4139275765854
757.8148584548909
762.7219279278545
779.0274978125383
745.5722147484475
712.7071633293987
786.7591058233038
731.226607051937
700.9525573808037
760.9772940350846
763.6163952538459
786.1036913099725
768.5742734980824
779.7334268759136
713.5309661755095
755.4383952883762
704.9737579127096
760.4495421067453
732.5693948925684
735.9955913776446
714.1923283486923
772.061081055858
797.7347928480701
804.1969026346967
766.1475742121095
745.1831896346805
739.1714495466917
773.700418837361
785.0038140023629
752.9691770344936
771.1037757833611
712.7690067151048
725.7066520508009
745.03743812991
738.9674116204711
701.2793785363137
800.0527845931317
754.0206344161645
737.8916192162168
783.27150557866
755.706277114198
781.2514027790401
761.2167028483641
731.3679359769826
789.8882441803813
756.754356224408
762.0414139953009
751.1024417249488
773.8012900878398
696.2564781982237
770.2495957113007
759.310198406525
748.1998710640274
778.3146956238259
752.0818031052123
724.1709733383348
793.7881171359631
811.3179537570707
721.8559171332989
787.2547025545825
775.8395755789982
738.6178429869984
768.1175482745709
751.2727451365802
739.1711790244449
746.3208474571824
764.5469842702423
761.7114898721179
738.5202769559899
751.4819935331788
752.195642055861
735.425819190519
782.1134192087608
751.9108118737529
737.0114305814838
781.7709055129781
721.2664045502604
729.5608676538548
721.9445168466766
758.6689179878758
740.9523417818893
758.8142204174185
773.0977708461975
779.2703809707288
751.9741120596602
767.7599970016192
738.4145077153357
812.0859499090018
746.254929001343
739.3319558475313
734.1823266993559
740.9666543802381
814.6785519100201
783.5427649620665
727.127060640081
752.7599452125013
753.462296869428
716.0285926111187
772.8787213187203
704.1445096679548
770.5188957584903
743.738266051351
730.8076790929169
733.0034825407552
759.9161017955491
729.122870489377
722.6438857024634
737.9450971915235
762.4248264062521
690.3172414140341
757.1148096433606
773.534232050904
742.9659916082562
810.1835790644407
757.3967597389374
714.5232415478574
740.5681574878795
753.4253887893129
736.650741005601
760.012071364148
730.8973701180721
723.1479778823832
761.2087990257975
714.5105640041999
793.3925504044253
705.2059923134668
761.8137769200414
744.2980649642643
746.9068989794379
698.0624835222671
745.2433825700807
752.692046912341
729.0122368473161
725.995837358451
777.7489834822884
739.1285003764239
763.7309657622478
771.4657563357835
778.6617732817896
700.3490296337988
717.5988742866475
738.6227689038085
722.1240875831805
732.128178292942
744.3042802495754
758.1582135718695
731.5798137592571
760.062844368747
725.1042668603299
767.8650577194851
763.7485818252715
749.7324627272235
735.8955528791728
793.4686953290059
731.9203765113559
771.4593495162405
766.2846742791496
768.1164119582606
743.8547491394834
811.7985856373259
697.3254570009019
744.8492257641144
785.5003020030085
767.6126464780396
753.6500984387567
744.6445761202524
710.5856947952886
761.1487650200469
762.8890671318837
765.453227531802
790.204807388375
771.5262200396269
792.5366360937662
746.1703398469028
719.9388150171187
789.9282038042702
743.8362250692846
771.5187252053009
731.4311109095715
758.3596862378581
799.0580008895946
740.8943317701825
720.3411580917646
764.3663333959867
771.7352916668945
697.0911801079968
750.8577359053503
737.0292465265654
781.906001870401
754.3093394476618
755.6617684277438
761.2171903396941
725.757448786929
722.4649145792307
713.9488225217617
720.8009088000424
691.5367997119847
754.9855850904476
731.0693033160652
724.8184679980277
756.1213825372387
787.3643843932905
794.7354407491923
740.5824064976274
735.2968254828419
789.4470612180874
763.6767743446642
735.4836900408644
766.2825717386152
733.612985707245
732.7539882419449
740.0596229097976
799.4965847720698
744.055084254019
807.6606011330996
744.8077166342753
699.6628322355264
725.5219073307139
762.1686510599862
788.073604710821
760.95407700694
776.8202251248133
786.55279017321
738.7970021062472
749.0561157833953
721.0004499087951
751.9512664971155
789.3502729317369
725.9878147449523
800.217409787889
749.1823912983303
752.2197299316551
762.8916350434002
732.9971868189593
737.6328143138744
755.0527579334437
762.7374457300142
801.464014334085
737.8909184594643
753.8889006710572
733.3273947362123
784.77454427426
743.31169754675
736.7814722140008
748.1917058028563
729.6447769516509
723.4457780498676
758.017706992458
735.4486152334933
734.195387385834
765.8609218370364
753.5409364226487
736.0036111842026
792.1159590270988
738.9578304598077
749.5090195655658
751.3698755282364
778.0400551556288
745.8692536159826
722.791857364844
740.7708857936
754.7255616992288
761.9778116480613
747.1002130455065
708.3519459714308
786.4216491538845
790.243865590004
752.1264608942342
740.6496707063076
781.8995289011331
740.0983752068744
716.6319515211572
735.4390124509756
731.6330159214376
772.1743989988539
766.5641523983069
778.3129687659309
679.3062158904476
737.620666318785
714.206811112166
774.7743783423535
765.6321499315134
740.7629066525772
736.4990186919613
752.1296913778787
773.8901567282423
783.8290843555253
764.518416485518
818.3466428836363
754.7511140940167
737.7524672912414
787.3763108722773
779.8806302488663
754.0250822329097
736.5990067674916
790.0483523919455
778.1171404679502
760.1365668155854
787.4914616776302
751.5033006540438
729.4963486456347
759.0606454586665
747.8563232098288
764.9032687517297
760.6546089489705
694.0609463856242
797.2936827043595
768.6003363354307
738.6550938617704
755.1126787719977
726.2903181597756
772.0250243894307
767.3677196941228
786.7239145355119
746.658704395882
718.4062877197323
783.2419011217346
734.1507738074625
716.3494406141991
760.6792723457772
730.9400803561184
779.3035527764038
766.6197448847436
743.3527699222781
757.4261257163523
661.7970066938751
817.5269988694297
732.5304562358782
745.1112000241399
816.918982135019
758.8885438989344
761.9202868816685
786.7760255986066
738.1534396240502
730.2435098158383
757.7761704325715
724.6418503055636
786.7295657676046
754.642855626149
752.0914097576003
791.0534627898799
719.2349369049547
798.4842909376359
806.046169674517
776.4144515161114
755.9965030773236
718.8664151951992
781.5847188241956
736.0546819325434
754.3189484207192
737.0144141909484
739.1174139184631
755.9112411601196
760.0478607896215
753.9638790535332
736.8830660665476
788.6584011941547
779.9633559186954
790.9069883926419
735.4519915535298
732.030308995131
683.5811028030511
808.5496761430859
761.0335632484663
718.6326897755096
809.4590218760038
765.4255134760095
757.143895153851
765.0095545326215
768.4940087590344
739.8931087702586
776.2231643088484
729.605622720007
754.673002923703
776.8353953817351
786.3516056167226
758.3281471187106
725.4304724231042
767.4917613009295
709.3172563921496
728.6015816822467
719.1163295256822
768.3857751762387
726.0640763607697
765.2603173505433
722.7910311084853
763.1767372439198
729.5387583052304
715.2261302252613
767.3218001422798
720.8964707229002
712.665618552636
782.644856738445
751.826394387895
734.4767295968202
737.1624101909214
753.0257334831977
744.7693049877518
693.7215427461317
770.3482025253578
713.3830904234336
718.516910065065
744.1494402840462
754.0603989177349
765.4837461410798
745.1305683580782
709.8537781636454
732.5942376700374
759.9127619003805
722.0128732633304
730.5078827905879
725.3162610216768
761.8773045499915
746.9082397791065
786.6350001955374
751.6691792231622
727.7483261888494
731.488771307085
727.6109820731957
737.2868484956927
705.5268480630623
780.9822704072835
740.0485180273283
785.6733840047132
715.0276656969806
741.017683473239
721.8942547181134
802.6411846135204
703.4903898125284
709.3467483060397
738.9793507771576
759.6946908611533
799.2619360654276
761.3421656197252
758.3160440960303
724.8422450486812
738.7360206479445
732.2725538898864
761.143237593735
733.1709833520309
713.0618025621199
724.7552982788109
720.8136993538217
774.6034927936303
727.6769955022471
742.7902858917008
737.9713125828472
763.954649367348
778.6122552131961
731.981655370111
751.4067364480219
727.1341634725102
736.6542697333726
718.2223985264632
759.8346989707808
716.507189260707
792.2751061398374
709.3633105740585
749.7646730747131
777.6483245710576
770.0879853975664
753.682138464594
740.002818530276
804.873751730577
730.7429412454894
780.0040965037133
778.6321432001378
751.638254571088
747.1138320363752
755.6995576362189
825.7791394188849
764.06116950552
747.0044241236276
768.2486435225746
759.078024056926
721.1818364640299
770.707408118046
794.6694945066746
753.1425850679313
794.2540391201998
789.4128414878601
731.7696411845023
704.7071636951694
721.6743271938774
688.5302368339837
776.2567371769844
740.7023073085145
744.5908907635869
781.0417836542779
779.3614924842653
761.2735252697903
773.1061894042307
741.986934242387
729.2709749028112
735.9531188866979
735.0120787383178
735.6885355271951
740.8432723948852
809.5467226327509
762.9191972580402
751.4667548254013
761.7678955125073
728.8449165704142
719.486011678679
739.003543088034
735.1654018017715
756.3752231245423
753.5364912781313
783.2670285239515
761.1942949971269
795.5668005916505
797.3393045473151
757.1241099681815
744.4730500144407
684.3474836880146
708.6237622247437
771.7335610223053
761.980536664231
783.7532367008337
799.1789365670448
764.3065683106367
794.9048706671788
744.2467835867053
762.247961839811
761.3273935107964
747.2856447397062
724.8431005933935
776.1940128122544
738.2652230066603
771.3226352606353
767.0411277244042
761.9003734648588
744.4424858114702
780.7019013684859
746.074131273673
766.2035618220568
747.1981886028046
724.3226881362548
775.2525916544479
765.1605391696401
768.1096651507019
774.1629709600768
743.5206851443472
757.3698131086534
742.6121983888723
803.0823591404117
733.0003029774448
769.5526299177093
736.8675375499648
741.3557539140768
715.977592115171
760.1471572928906
719.2007903718063
766.7212256370636
779.5331271940239
708.4383815304167
758.3701315876481
780.124593728405
736.4637325411596
762.3228313012415
781.298812327773
770.4365784429554
764.3954720849923
699.6317624123128
708.0528327666538
759.8558064155243
736.4283628071958
741.0828753006791
745.9883614048097
698.2033096622592
763.0109255814318
698.3677564425473
727.9558938755398
753.5307810236461
730.5677085746672
748.6669305603187
745.9923113058989
731.7561887923067
749.1184269797905
791.5737168740976
770.2548777290604
747.9646825651415
761.3172566601569
792.9199420315101
770.7966931245406
768.6731936892322
741.8801933297364