
7.981324278438031
8.096345514950166
8.158385093167702
7.799654576856649
7.8208409506398535
7.716723549488054
7.7904599659284495
7.797250859106529
8.308186195826645
8.03356890459364
7.629496402877698
8.038333333333334
7.87263339070568
8.009569377990431
7.538720538720539
7.912969283276451
7.8769771528998245
7.699490662139219
7.739549839228296
7.895934959349593
7.552980132450331
7.921951219512195
7.622073578595318
7.876823338735819
7.804753820033956
7.93563579277865
7.618968386023295
7.493150684931507
7.700162074554295
7.3886925795053005
7.749596122778676
7.365418894830659
7.888524590163934
7.632237871674492
7.81687898089172
7.790923824959481
7.748815165876778
7.555
7.518324607329843
7.4436860068259385
7.485294117647059
7.5365448504983386
7.570934256055363
7.607321131447588
7.496699669966997
7.365319865319865
7.422258592471358
7.43598615916955
7.2
7.493079584775087
7.321739130434783
7.360205831903945
7.460884353741497
7.699507389162561
7.114139693356048
7.556666666666667
7.545454545454546
7.2227891156462585
7.3931623931623935
7.415458937198068
7.264705882352941
7.454113924050633
7.158620689655172
7.138983050847457
6.870242214532872
6.930795847750865
7.3280757097791795
7.417376490630324
7.54858934169279
6.932565789473684
6.880199667221298
7.112984822934233
7.009708737864078
6.972742759795571
6.793867120954004
7.169572107765451
7.307332293291732
6.993208828522921
7.264705882352941
7.222585924713584
6.788944723618091
7.052805280528053
7.106035889070147
7.18298555377207
6.9862068965517246
7.173913043478261
7.008474576271187
7.0793103448275865
7.087458745874588
6.639084507042254
6.7101694915254235
6.9664
6.988195615514334
7.134680134680135
6.88
6.859903381642512
7.099348534201955
6.555921052631579
6.711033274956217
6.875207986688852
6.716666666666667
6.885665529010239
7.123333333333333
6.669354838709677
7.356814701378254
7.0954692556634305
6.762214983713355
6.88780487804878
6.986970684039088
6.73721340388007
6.7869127516778525
6.918228279386712
6.829752066115702
6.608403361344537
6.595446584938704
6.80495867768595
6.993569131832797
6.747474747474747
6.948892674616695
6.366197183098592
6.9216354344122655
6.394148020654045
6.678082191780822
6.776357827476039
6.727430555555555
6.6361974405850095
6.844628099173554
6.721153846153846
6.74526678141136
6.778175313059034
6.873194221508828
6.251736111111111
6.755700325732899
6.672839506172839
6.74496644295302
6.551724137931035
6.708609271523179
6.501718213058419
6.995016611295681
6.65016501650165
6.491197183098592
6.711388455538222
6.707641196013289
6.402730375426621
6.690140845070423
6.90529695024077
6.378912685337727
6.5823223570190645
6.377358490566038
6.382978723404255
6.416393442622951
6.728643216080402
6.434859154929577
6.683304647160069
6.631490787269682
6.31993006993007
6.6563573883161515
6.608623548922056
6.498397435897436
6.754098360655738
6.790774299835255
6.549248747913189
6.598684210526316
6.588050314465409
6.595356550580431
6.57286432160804
6.331081081081081
6.215146299483649
6.283112582781457
6.727580372250423
6.54637436762226
6.570458404074703
6.349337748344371
6.190864600326265
6.609060402684563
6.536303630363037
6.23321554770318
6.673300165837479
6.7344
6.526405451448041
6.657450076804915
7.07395498392283
6.499194847020934
6.472049689440993
6.5576923076923075
6.408196721311476
6.293718166383702
6.6105610561056105
6.62280701754386
6.543859649122807
6.685575364667748
6.353242320819112
6.294392523364486
6.377633711507293
6.346551724137931
6.736176935229068
6.276845637583893
6.3966666666666665
6.386759581881533
6.406304728546409
6.325342465753424
6.586429725363489
6.770290964777948
6.561797752808989
6.611556982343499
6.832831325301205
6.152777777777778
6.2894736842105265
5.980036297640654
6.1404682274247495
6.4024179620034545
6.586726998491704
6.679032258064516
6.24793388429752
6.220588235294118
6.401709401709402
6.5731292517006805
6.360975609756098
6.203125
6.412151067323481
6.515202702702703
6.328231292517007
6.445544554455446
6.422185430463577
6.195876288659794
6.029310344827586
6.413223140495868
6.423566878980892
6.402027027027027
6.419249592169657
6.182421227197347
6.231511254019293
5.779831932773109
6.127090301003345
6.12736660929432
6.109983079526227
5.955249569707401
6.105169340463458
5.926785714285714
6.254372019077901
6.453767123287672
6.235785953177258
6.307178631051753
6.081174438687392
6.296900489396411
6.313758389261745
6.206572769953052
6.224252491694352
6.322795341098169
6.150413223140496
6.1330049261083746
6.129597197898423
6.4032
6.60655737704918
6.294964028776978
6.325
6.239242685025817
6.3119868637110015
6.256711409395973
6.2735191637630665
5.945485519591141
5.969072164948454
6.1763668430335095
6.25
6.140233722871453
6.361290322580645
5.827956989247312
6.197654941373535
5.810434782608696
6.406807131280389
5.969949916527546
6.237541528239203
6.119507908611599
6.364516129032258
5.837328767123288
6.01063829787234
5.870242214532872
5.840604026845638
6.132996632996633
5.754716981132075
6.042016806722689
6.183471074380165
6.048611111111111
5.980327868852459
6.370786516853933
6.28135593220339
5.917948717948718
6.333333333333333
5.839195979899498
5.998371335504886
6.267111853088481
5.937288135593221
6.277966101694915
6.052364864864865
5.880281690140845
6.112211221122112
6.509740259740259
5.895
6.008333333333334
5.855462184873949
5.893548387096774
6.166397415185783
6.087378640776699
6.1185064935064934
6.084278768233387
5.8448844884488445
6.234527687296417
5.98
6.011456628477905
6.229903536977492
6.249221183800623
6.057823129251701
6.083860759493671
6.270627062706271
6.041118421052632
6.088628762541806
5.801724137931035
5.686868686868687
6.184590690208668
6.089700996677741
6.174657534246576
6.055464926590538
5.960683760683761
6.0376068376068375
5.814465408805032
5.852596314907872
6.212460063897764
5.897394136807818
6.2092651757188495
6.087837837837838
6.055855855855856
5.715341959334566
5.996763754045308
5.758037225042301
6.3164362519201225
5.8325203252032525
5.924679487179487
5.904040404040404
6.31634446397188
5.648936170212766
6.115942028985507
5.948096885813149
5.943573667711599
5.798319327731092
6.321895424836601
6.05
5.913621262458472
6.227655986509275
6.188870151770658
6.048657718120805
5.940199335548173
6.084297520661157
5.845486111111111
5.97682119205298
5.8293103448275865
6.026479750778816
6.0065466448445175
5.757264957264957
5.815873015873016
5.801324503311259
6.01328903654485
6.053658536585366
6.103618421052632
5.812709030100335
5.961538461538462
6.184563758389261
6.199386503067485
5.661740558292283
6.132921174652241
5.894827586206897
5.724489795918367
5.943708609271523
5.874587458745874
5.95819397993311
6.027687296416938
6.279251170046802
5.898333333333333
5.90779014308426
5.866336633663367
5.507220216606498
6.096
5.747235387045814
5.78036605657238
6.018720748829953
5.5787545787545785
6.086743044189853
5.628140703517588
5.619389587073608
5.887675507020281
5.9564516129032254
5.940246045694201
5.758445945945946
5.914141414141414
5.79073756432247
5.834951456310679
5.818336162988116
5.961904761904762
5.555366269165247
6.096618357487923
5.640569395017794
5.726795096322242
5.708053691275167
5.792808219178082
5.820472440944882
5.816693944353519
5.817114093959732
6.094771241830065
5.765188834154351
6.0201005025125625
5.786324786324786
6.019292604501608
5.616724738675958
5.896039603960396
6.0
5.948542024013722
5.702936096718481
5.966777408637873
5.47986577181208
5.7968
5.594076655052265
5.947619047619048
5.959016393442623
6.209076175040519
5.723300970873787
6.128865979381444
5.66156462585034
5.833333333333333
5.8915254237288135
5.790575916230367
5.901724137931034
5.750853242320819
5.658075601374571
5.9819078947368425
5.966722129783694
5.896494156928214
5.609348914858097
5.673841059602649
5.6551155115511555
5.459150326797386
6.1561969439728355
5.8
5.782392026578073
5.826580226904376
6.084317032040472
6.031932773109244
6.127035830618892
5.935314685314685
5.733333333333333
5.993208828522921
5.949593495934959
5.83596214511041
6.3042071197411005
5.655709342560554
5.9865771812080535
5.6592844974446335
5.648054145516075
6.110197368421052
5.8193979933110365
5.8481421647819065
6.247311827956989
5.886824324324325
5.902912621359223
5.613013698630137
5.968120805369128
5.8356890459363955
5.785349233390119
6.007067137809187
5.780405405405405
5.79421768707483
5.8272
5.478114478114478
6.026622296173045
5.897009966777409
5.854237288135593
5.8046875
6.031746031746032
6.047231270358306
5.942492012779553
5.825127334465195
6.023696682464455
5.544326241134752
6.032423208191126
6.141935483870967
5.7428087986463625
5.660746003552398
5.68141592920354
5.9243156199677935
5.926298157453936
5.866438356164384
5.833333333333333
5.881977671451356
5.707446808510638
6.030664395229983
5.7404181184668985
5.811764705882353
5.957723577235773
5.838765008576329
5.827361563517916
5.8234375
6.13622754491018
5.825242718446602
5.785714285714286
5.731147540983606
5.793162393162393
5.972131147540984
6.0082236842105265
5.694096601073345
6.037459283387622
5.78060413354531
6.01628664495114
5.932896890343699
5.9700499168053245
5.506003430531733
5.912621359223301
6.222764227642276
5.824120603015075
5.843859649122807
6.238782051282051
6.140432098765432
5.696245733788396
5.835034013605442
5.7066895368782165
5.826388888888889
5.733001658374793
6.075862068965518
6.052542372881356
5.756849315068493
5.772108843537415
6.141447368421052
6.153605015673981
5.951342281879195
6.016638935108153
5.659966499162479
5.739864864864865
5.706779661016949
5.54855195911414
5.698675496688741
5.532859680284192
6.033557046979865
5.337954939341421
6.114599686028257
6.077175697865353
6.191935483870968
5.797029702970297
5.941082802547771
5.572192513368984
5.797734627831715
5.976549413735343
5.949593495934959
6.087458745874588
5.918196994991653
5.801313628899836
5.776785714285714
5.75487012987013
5.747927031509121
5.909235668789809
5.639032815198618
5.875598086124402
5.667221297836939
5.882943143812709
5.817578772802653
5.705785123966942
5.801056338028169
5.746081504702194
6.084967320261438
5.729096989966555
6.114886731391586
6.048494983277592
6.152139461172742
5.585409252669039
5.764912280701754
5.844559585492228
5.78920741989882
5.687179487179487
5.84251968503937
5.711475409836066
6.097643097643098
5.640983606557377
6.001633986928105
5.913522012578617
5.735346358792185
5.7969543147208125
6.1046698872785825
6.0585443037974684
5.701365187713311
5.658291457286432
5.94375
5.6743421052631575
5.6592082616179
5.523731587561374
5.702341137123746
5.941569282136895
5.805604203152364
5.983870967741935
5.767888307155323
5.538726333907057
5.8156146179401995
5.526226734348562
5.809278350515464
5.8
5.745161290322581
6.112012987012987
5.852941176470588
6.104265402843602
5.88659793814433
5.911111111111111
5.552763819095477
5.6245847176079735
5.716887417218543
5.677740863787376
6.191803278688525
5.911433172302737
5.67262969588551
5.7368421052631575
6.01358234295416
5.944537815126051
6.04746317512275
5.958402662229617
5.952845528455285
5.758333333333334
5.895545314900153
5.960276338514681
5.829059829059829
5.819320214669052
6.088333333333333
5.869205298013245
6.05982905982906
6.093851132686084
5.840130505709625
5.773710482529118
5.9070567986230635
6.046623794212219
5.847176079734219
5.7730263157894735
5.857627118644068
5.663247863247864
5.671232876712328
6.140293637846656
5.673949579831933
5.864912280701755
6.003252032520325
5.64983164983165
6.142414860681114
5.931484502446982
5.694581280788177
5.927731092436975
5.993474714518761
5.7555555555555555
5.8176
5.6883942766295705
6.139937106918239
5.952961672473868
5.979099678456592
5.858585858585859
5.874193548387097
5.994897959183674
5.778169014084507
5.958263772954925
5.947712418300654
5.934083601286174
5.810855263157895
6.083752093802345
5.59375
5.599656357388316
5.687285223367698
5.940099833610649
5.662454873646209
5.9072847682119205
5.9546925566343045
5.751260504201681
5.850085178875639
5.854483925549915
5.943708609271523
6.287519747235387
5.772881355932204
5.959322033898305
5.65377855887522
5.804311774461028
5.610017889087657
5.953767123287672
5.816091954022989
6.125596184419714
5.793706293706293
5.629116117850953
5.789291882556132
6.059105431309904
5.719532554257095
5.74113475177305
5.9107692307692306
5.954098360655737
5.927184466019417
6.0912
5.756535947712418
5.594076655052265
5.6533795493934145
5.894378194207836
5.94205298013245
5.767946577629382
5.713559322033898
5.801666666666667
5.965573770491804
5.9949409780775715
5.847682119205298
5.887755102040816
5.862068965517241
5.772649572649573
5.851063829787234
6.10377358490566
5.818635607321132
5.865168539325842
5.691202872531418
5.63855421686747
5.685714285714286
5.796133567662566
5.801680672268907
5.7841483979763915
5.937605396290051
5.851788756388416
5.839100346020762
6.080314960629921
5.9032786885245905
5.726027397260274
5.888146911519199
5.631932773109244
5.994854202401372
5.950257289879931
5.6020408163265305
5.75
6.110344827586207
5.761484098939929
5.765410958904109
5.820033955857386
6.128775834658188
5.931746031746032
5.687392055267703
5.63448275862069
5.880398671096345
5.782006920415225
5.9194078947368425
6.095846645367412
6.2282430213464695
6.049019607843137
5.829752066115702
5.739202657807309
5.788235294117647
5.89448051948052
6.003333333333333
6.006329113924051
5.758454106280193
6.115030674846626
5.99198717948718
5.952302631578948
5.974182444061962
5.920127795527157
6.0637958532695375
5.8347978910369065
5.947811447811448
6.175122749590835
5.7872696817420435
5.927392739273928
5.613175675675675
6.213836477987422
5.885802469135802
5.7841483979763915
5.661403508771929
5.7543554006968645
5.791150442477876
6.127659574468085
6.247648902821316
5.896081771720613
5.904448105436574
5.567434210526316
5.468697123519458
5.95016077170418
5.920552677029361
5.94345718901454
5.916949152542373
6.070205479452055
5.6536585365853655
5.749134948096886
5.7216
5.861111111111111
5.590381426202322
5.891485809682805
5.66213921901528
6.085209003215434
5.897893030794165
5.862520458265139
5.741379310344827
5.606473594548552
6.174757281553398
5.842192691029901
5.599332220367279
5.6490066225165565
5.873070325900515
5.873170731707317
5.905073649754501
5.932998324958124
5.698854337152209
5.805
6.168674698795181
6.029508196721311
5.931552587646077
6.128919860627177
5.873121869782971
6.0616666666666665
6.0
5.706293706293707
5.905723905723906
5.903436988543372
5.984152139461172
5.640625
5.870673952641166
5.94300518134715
6.202003338898163
5.885057471264368
5.835255354200989
5.677577741407529
6.025125628140704
5.819512195121951
5.866101694915254
5.598290598290598
5.881685575364668
5.638474295190713
5.825581395348837
5.796901893287435
5.885433715220949
5.9449378330373
5.776041666666667
5.955074875207987
5.910016977928692
5.715502555366269
5.9983844911147015
5.758620689655173
6.1694352159468435
5.792929292929293
6.045901639344263
5.95093062605753
6.054838709677419
5.558510638297872
5.9724473257698545
5.707446808510638
6.084048027444254
5.892508143322476
5.769881556683587
5.969439728353141
5.58445945945946
6.118892508143323
6.038461538461538
5.664921465968586
5.8369028006589785
6.015797788309636
5.888513513513513
5.703071672354949
5.9083191850594226
6.077175697865353
5.929982046678636
6.050406504065041
5.8603066439523
6.104906937394247
5.888349514563107
5.938566552901024
5.918228279386712
5.4
6.055737704918033
6.0
6.140822784810126
5.652777777777778
5.7360406091370555
5.782312925170068
6.008025682182986
6.186411149825784
5.800947867298579
5.958795562599049
5.8992
5.613595706618963
6.163009404388715
6.149565217391304
6.1677524429967425
6.027508090614886
5.865079365079365
5.72972972972973
5.689883913764511
5.82842287694974
5.853269537480064
5.9245283018867925
6.0625
5.630017452006981
5.660344827586207
5.573825503355705
5.92991452991453
5.878088962108731
5.98371335504886
6.034700315457413
6.1828125
5.74430823117338
5.6466666666666665
5.903389830508474
5.971742543171114
5.887622149837133
5.75
5.665529010238908
6.285714285714286
5.914149443561208
5.904362416107382
6.0303514376996805
5.765391014975042
5.805872756933116
5.838557993730408
5.653160453808752
5.970491803278689
5.73044925124792
5.931666666666667
5.7275747508305646
5.932119205298013
5.635467980295567
5.634615384615385
5.921926910299003
6.032608695652174
5.716917922948074
5.720640569395018
6.066101694915254
5.9564516129032254
5.599309153713299
5.783783783783784
6.067768595041322
5.945990180032733
5.782608695652174
5.9744
5.696763202725724
6.080071174377224
6.148936170212766
5.817578772802653
5.878787878787879
5.728205128205128
6.347039473684211
5.866101694915254
5.989795918367347
6.033670033670034
5.806451612903226
5.821717990275527
6.07108239095315
6.095959595959596
6.031456953642384
6.162828947368421
5.8832236842105265
5.648601398601398
5.917627677100494
5.937605396290051
5.975530179445351
5.967687074829932
5.798275862068966
5.822335025380711
5.97682119205298
5.888349514563107
5.765625
5.993162393162393
6.277397260273973
5.9379194630872485
6.228571428571429
5.812395309882747
5.855462184873949
5.849337748344371
6.214173228346457
6.187808896210873
5.97741935483871
6.221698113207547
5.845626072041166
5.7406749555950265
5.82875605815832
5.853618421052632
5.827993254637437
5.680887372013652
6.016778523489933
5.69283276450512
5.642605633802817
5.634648370497427
5.671118530884808
5.731884057971015
5.775092936802974
6.016260162601626
6.103937007874015
5.667250437828371
5.811129848229342
6.252072968490879
5.753794266441822
5.9051580698835275
5.760984182776801
5.766666666666667
5.737373737373737
6.193811074918567
5.983633387888707
5.600337268128162
5.7312925170068025
5.848080133555927
5.733226837060703
5.779050736497545
5.782608695652174
5.551782682512734
5.911764705882353