
201.0
213.0
265.0
182.0
161.0
172.0
197.0
172.0
236.0
195.0
158.0
208.0
186.0
231.0
167.0
193.0
182.0
187.0
188.0
184.0
191.0
210.0
184.0
199.0
189.0
225.0
176.0
156.0
187.0
143.0
185.0
151.0
190.0
214.0
176.0
181.0
179.0
177.0
152.0
167.0
177.0
179.0
174.0
154.0
159.0
154.0
150.0
157.0
133.0
159.0
161.0
148.0
149.0
166.0
138.0
168.0
177.0
132.0
156.0
148.0
139.0
160.0
109.0
127.0
117.0
109.0
168.0
146.0
172.0
119.0
114.0
129.0
122.0
115.0
110.0
168.0
166.0
102.0
134.0
127.0
97.0
118.0
134.0
150.0
102.0
139.0
109.0
124.0
124.0
75.0
90.0
139.0
120.0
113.0
103.0
117.0
129.0
82.0
85.0
85.0
82.0
108.0
137.0
93.0
156.0
117.0
106.0
120.0
110.0
76.0
106.0
86.0
95.0
94.0
91.0
111.0
123.0
112.0
106.0
60.0
111.0
68.0
79.0
106.0
103.0
86.0
115.0
112.0
98.0
80.0
117.0
60.0
108.0
108.0
87.0
83.0
101.0
81.0
107.0
88.0
89.0
111.0
73.0
80.0
89.0
102.0
70.0
75.0
85.0
72.0
70.0
96.0
71.0
87.0
82.0
79.0
89.0
80.0
81.0
101.0
102.0
65.0
84.0
90.0
85.0
82.0
68.0
57.0
56.0
96.0
85.0
72.0
69.0
75.0
88.0
80.0
65.0
79.0
93.0
76.0
101.0
117.0
81.0
89.0
77.0
72.0
54.0
90.0
61.0
86.0
92.0
68.0
73.0
85.0
64.0
105.0
61.0
79.0
65.0
72.0
52.0
81.0
96.0
87.0
81.0
93.0
53.0
68.0
48.0
61.0
51.0
95.0
80.0
68.0
78.0
62.0
70.0
71.0
48.0
64.0
72.0
56.0
71.0
61.0
52.0
47.0
73.0
70.0
73.0
74.0
69.0
66.0
44.0
52.0
56.0
45.0
48.0
34.0
40.0
56.0
65.0
69.0
68.0
39.0
67.0
68.0
61.0
64.0
56.0
50.0
50.0
56.0
77.0
84.0
48.0
73.0
56.0
50.0
58.0
60.0
34.0
46.0
36.0
66.0
35.0
83.0
47.0
62.0
36.0
75.0
56.0
52.0
47.0
63.0
33.0
38.0
44.0
36.0
46.0
53.0
48.0
61.0
57.0
54.0
70.0
49.0
38.0
76.0
41.0
55.0
49.0
41.0
43.0
52.0
29.0
40.0
78.0
41.0
46.0
44.0
33.0
50.0
40.0
50.0
53.0
41.0
58.0
44.0
54.0
59.0
68.0
58.0
57.0
60.0
60.0
48.0
33.0
30.0
53.0
57.0
49.0
63.0
48.0
40.0
42.0
29.0
66.0
36.0
56.0
42.0
38.0
23.0
56.0
27.0
78.0
43.0
39.0
28.0
62.0
26.0
46.0
48.0
42.0
40.0
65.0
48.0
41.0
55.0
68.0
42.0
48.0
46.0
40.0
34.0
29.0
56.0
49.0
40.0
37.0
36.0
37.0
53.0
68.0
39.0
32.0
59.0
70.0
37.0
58.0
42.0
37.0
34.0
50.0
44.0
50.0
60.0
39.0
43.0
47.0
30.0
59.0
38.0
43.0
53.0
25.0
60.0
37.0
24.0
55.0
44.0
39.0
28.0
48.0
36.0
37.0
36.0
52.0
21.0
55.0
25.0
41.0
40.0
41.0
40.0
40.0
32.0
47.0
34.0
45.0
45.0
55.0
22.0
47.0
32.0
37.0
33.0
38.0
29.0
39.0
25.0
54.0
39.0
52.0
29.0
58.0
33.0
30.0
44.0
38.0
45.0
30.0
31.0
52.0
61.0
34.0
36.0
35.0
30.0
19.0
44.0
32.0
50.0
38.0
60.0
59.0
50.0
42.0
35.0
29.0
47.0
42.0
60.0
24.0
49.0
32.0
33.0
54.0
44.0
51.0
70.0
33.0
54.0
35.0
33.0
40.0
36.0
54.0
39.0
38.0
59.0
25.0
54.0
50.0
37.0
38.0
53.0
54.0
54.0
40.0
50.0
32.0
47.0
57.0
42.0
32.0
27.0
47.0
53.0
44.0
31.0
50.0
19.0
49.0
31.0
36.0
56.0
46.0
41.0
35.0
66.0
43.0
38.0
51.0
31.0
39.0
44.0
38.0
44.0
40.0
51.0
52.0
49.0
27.0
40.0
54.0
38.0
26.0
56.0
55.0
26.0
44.0
21.0
34.0
43.0
75.0
52.0
33.0
36.0
54.0
54.0
30.0
55.0
30.0
49.0
38.0
30.0
40.0
17.0
52.0
40.0
58.0
60.0
77.0
49.0
60.0
31.0
33.0
56.0
50.0
57.0
32.0
34.0
39.0
55.0
41.0
32.0
41.0
51.0
33.0
41.0
34.0
38.0
32.0
40.0
38.0
42.0
51.0
52.0
43.0
25.0
31.0
41.0
42.0
39.0
37.0
29.0
44.0
41.0
41.0
41.0
38.0
38.0
47.0
46.0
42.0
24.0
48.0
45.0
45.0
30.0
29.0
45.0
36.0
59.0
33.0
32.0
38.0
40.0
38.0
37.0
40.0
49.0
44.0
63.0
42.0
41.0
30.0
27.0
41.0
38.0
52.0
52.0
32.0
30.0
46.0
42.0
48.0
47.0
38.0
37.0
48.0
52.0
40.0
31.0
41.0
46.0
41.0
54.0
45.0
33.0
38.0
49.0
31.0
38.0
54.0
29.0
29.0
50.0
28.0
39.0
42.0
37.0
64.0
42.0
37.0
46.0
48.0
30.0
41.0
43.0
57.0
33.0
49.0
45.0
42.0
53.0
36.0
54.0
45.0
42.0
39.0
50.0
32.0
26.0
30.0
40.0
28.0
49.0
47.0
29.0
51.0
54.0
49.0
57.0
43.0
50.0
30.0
36.0
31.0
44.0
48.0
59.0
28.0
30.0
35.0
47.0
36.0
34.0
54.0
51.0
52.0
41.0
38.0
20.0
32.0
57.0
49.0
38.0
39.0
34.0
51.0
46.0
37.0
46.0
39.0
28.0
34.0
59.0
41.0
41.0
25.0
34.0
30.0
27.0
36.0
34.0
48.0
31.0
31.0
39.0
49.0
33.0
34.0
39.0
49.0
40.0
31.0
39.0
55.0
34.0
39.0
31.0
47.0
62.0
32.0
34.0
38.0
33.0
48.0
55.0
53.0
44.0
24.0
35.0
25.0
33.0
48.0
61.0
45.0
50.0
46.0
41.0
48.0
43.0
55.0
34.0
48.0
61.0
36.0
55.0
23.0
48.0
56.0
35.0
22.0
34.0
43.0
55.0
68.0
47.0
32.0
32.0
20.0
44.0
42.0
51.0
39.0
59.0
34.0
23.0
38.0
36.0
24.0
49.0
28.0
54.0
43.0
34.0
34.0
34.0
63.0
30.0
32.0
32.0
44.0
47.0
40.0
34.0
31.0
39.0
42.0
46.0
46.0
53.0
38.0
42.0
54.0
47.0
55.0
47.0
51.0
25.0
30.0
47.0
57.0
33.0
36.0
38.0
57.0
28.0
31.0
35.0
55.0
36.0
47.0
34.0
28.0
46.0
35.0
36.0
45.0
19.0
44.0
40.0
42.0
40.0
40.0
54.0
44.0
11.0
53.0
29.0
53.0
42.0
37.0
43.0
27.0
47.0
61.0
37.0
57.0
56.0
31.0
35.0
37.0
44.0
46.0
42.0
38.0
62.0
39.0
48.0
41.0
24.0
51.0
38.0
59.0
39.0
28.0
24.0
43.0
58.0
48.0
61.0
52.0
24.0
55.0
49.0
59.0
48.0
40.0
24.0
31.0
38.0
46.0
50.0
52.0
21.0
29.0
22.0
51.0
41.0
50.0
56.0
68.0
29.0
19.0
44.0
47.0
40.0
29.0
34.0
56.0
45.0
39.0
57.0
30.0
31.0
45.0
36.0
42.0
24.0
50.0
36.0
61.0
33.0
25.0
45.0
46.0
20.0
36.0
51.0
43.0
34.0
36.0
35.0
50.0
22.0
47.0
27.0
49.0
65.0
54.0
51.0
32.0
60.0
31.0
46.0
37.0
41.0
36.0
54.0
44.0
46.0
54.0
37.0
34.0
50.0
52.0
50.0
46.0
44.0
40.0
45.0
42.0
30.0
45.0
52.0
55.0
57.0
30.0
49.0
41.0
62.0
63.0
36.0
59.0
34.0
41.0
56.0
37.0
42.0
29.0
52.0
39.0
25.0
30.0
32.0
33.0
28.0
45.0
49.0
28.0
46.0
44.0
45.0
49.0
38.0
37.0
32.0
43.0
48.0
25.0
39.0
44.0
47.0
29.0
35.0
24.0
37.0