
434.4074664108497
440.85115728742295
442.423059628485
428.0183579464084
409.9652758449259
419.0433285888042
402.09758052744104
425.12373616034046
435.90166670584347
399.6983252215583
414.20912588612765
445.970793573376
423.82871032987686
421.46163470004404
409.56397120954483
423.53129292978576
411.56826826279814
386.1491760826049
449.50056509335445
434.42578975065845
412.9704834788298
421.62486873234303
407.2607340699987
432.89900933474746
436.808024736487
436.41045463287094
444.973381873894
410.25817173429493
427.5202141982554
419.7032902435666
449.82791137836693
399.57878639294347
454.6205039759799
426.8504755972188
432.6044156233987
445.7210824604987
462.2530109935857
428.56954767001923
408.68387684328
412.3809346313639
449.8172481312815
404.9771231714434
398.9531489328107
439.677536911856
414.22680324215105
414.38657718881376
452.61423647795164
413.73830888625844
438.2246848888899
427.83409276665844
387.7671104407196
420.94142710299394
424.9819758788211
450.22299716497844
403.5677755590026
423.6264194054791
422.9979123900551
434.7188983250236
435.2123273319401
430.8132529341668
414.47148266598305
440.91035471423146
425.5269524503439
415.6438538723297
405.2801122245275
392.97894535295507
428.39784992939656
420.1930933697216
422.23058528252375
438.7704245329807
411.9327210324347
406.7682674643702
434.6810558398564
418.95197770355236
414.830425690957
416.6237473098551
433.6500589409284
434.45251813519326
427.0894468531634
471.6970917196526
396.9055082412258
440.36989083331446
451.85094986006135
446.5520226370243
439.07199514615166
443.0280662704766
417.27692298533367
400.5196527931396
430.35468839225086
410.6779117665386
426.7335141416799
422.0665748133785
414.4455426423563
426.012035915424
421.984862041408
425.7475065262537
418.990276433871
423.3475074626273
414.0076351879481
440.84889788259306
400.5306613701386
425.8932420446621
431.6859072327193
437.4105173723616
449.3476582734579
454.11839599761043
420.0152081285345
405.01737326076227
481.41799995542476
401.75808827518136
403.2878967508837
453.0033210336137
441.10944406612214
408.82825435213175
415.0748736526525
400.00416603198363
438.2260718750046
398.87755969255534
429.5600472964775
411.3173146862743
412.1055938909466
400.1019932834573
421.00458366486856
408.53066713324586
392.5548526228713
399.19651849422024
401.69155438536757
425.866847537378
394.25817832887776
411.40304378193935
425.6042860355921
392.77918756951897
401.4136384692561
424.74742819911097
444.028781966202
424.6376428465572
413.62565379075915
415.31773925490387
433.0490848966967
427.7469426316181
390.83895685648855
439.539517030161
437.4317779651631
400.4822582631915
408.330654209867
461.59606227191034
410.57180871463123
414.3214119116631
384.5691299041214
398.3558455700421
427.0200888761997
417.50988363613897
389.32120731830935
390.3752472732914
419.11177870618224
376.57862232557517
404.60678118069114
444.22793365148254
462.11510341143446
417.0322521082802
421.3922791567429
417.12054187897104
439.5215688425095
463.2266379827476
404.2958826393689
434.57834105882546
413.6388507384157
425.00267838886566
426.1425693579099
408.34084051492846
435.57998469664534
434.9771320533855
427.7609224873701
404.8601445069933
409.00600008927614
417.4150410222354
394.1846525751665
417.51810370136917
437.9653634335318
425.0274149084793
445.19670210310017
450.39777844134534
450.3792717006737
442.2608682709774
431.504740230852
426.0040641768158
427.1798147700453
441.3440003694233
430.773864562573
429.4354605283402
429.7383397170447
403.84207186521377
431.0420509994668
433.1151381744169
405.6580894604873
427.4567337126167
406.30893136400243
415.98526826540655
411.312985179388
376.3717332229074
418.1369087247531
425.30760553905765
469.43480637891105
424.60774223444713
436.44252719408524
471.56556416818137
401.057035701111
397.5927430482069
368.301076125268
414.5134759559586
417.9667435117709
449.13577733331795
440.03183061999744
409.2053721418658
387.53135815195765
412.106976783764
430.93943891536736
441.18273822924664
416.43751530593516
427.49925432159927
422.34568171486444
427.92100219965903
414.63728788835635
428.37351762769447
427.8973683144559
397.5618489931436
419.61499004056503
445.49166948428444
424.15130453417333
434.21599276754534
417.82484560538734
416.36870465061327
396.2736064397961
412.3056101779665
393.77437397086226
394.08100510426414
369.8424955513698
415.17745286691144
374.7360608416113
424.8531465101968
412.2368587113498
408.0585660350856
386.78219435365946
405.3605592846747
430.65172210007734
407.04162262174464
423.62972356239743
409.7804750192774
423.2787937087604
414.71010138023195
418.8091356021056
402.6268270075326
421.0911736016301
433.6968808304837
392.17188011101314
432.73059834877193
403.5268170106757
440.3186135582461
415.55972757600796
398.05261828817225
401.0625681609818
389.6933375396289
405.33910307727297
415.583187917557
421.0311650754502
409.7132244634264
342.15516953556505
424.90410599128245
389.92421291653403
441.97392525277655
391.1559785736718
424.767418063832
385.13090089983893
450.6830979671853
382.14360312755485
401.77526805573655
402.39007290812674
381.39185555868727
414.05548795838484
374.64477056093295
394.0940786051582
426.5999341825397
386.9251104623034
402.7721496023079
402.0804655255007
410.3602228985527
381.06062645984167
427.38895422365215
372.231151240808
381.67426486881044
448.04967852062657
415.9025599307166
424.4559337157607
390.1437046684482
375.8343809211136
410.2443176984909
431.66745347839026
417.0097939305991
393.35551688350546
394.81909474871105
405.13756504918393
406.263682271335
451.30159028234755
427.08048089449574
415.04410661068806
403.07837379416935
443.5786629236719
417.93820589112465
426.3820127372345
416.5291385437072
403.4195177658762
393.77727019882167
416.5080142053979
432.78976188894694
409.8951523357399
393.92437047191623
382.0898410958913
386.87482157113914
426.80289782855135
412.8549275728925
424.33685568869606
393.5517428124884
391.28055887629137
404.67413876743944
415.64929332287204
393.56409997490687
435.84831339629636
406.1503621904604
418.3191864997958
421.6829295348948
392.24895294828667
364.2360846619073
393.4079655462972
385.3348961257337
421.03380719139534
369.7798805763684
414.7621127702158
419.9177929096851
398.99913597387587
363.0253046966058
441.8444413990871
399.7592185660228
426.4536575088488
378.36860285027717
422.6513231419349
383.8487123592998
399.4187345361232
419.6924410509325
396.2846957555104
418.4608932889384
390.5967052780789
425.10295505977075
381.84075331352176
383.4180845637553
366.41565241427645
409.79847808948614
414.3551013659882
370.17231671424554
425.8957734337243
387.86272891101146
418.64726375567045
446.5031418923475
408.55861270516664
389.2703544635775
415.6353990590589
397.1069583298548
425.70227315555286
404.82284940051125
408.07439302937235
366.6974279378078
381.4239866399882
401.6483744452899
432.0401145580314
388.9720244045647
422.37996680997975
436.4824364270163
408.6431029345184
423.6713128110279
378.3357832661543
338.3824792516591
429.99730531030934
414.98399496977055
389.7100573328174
421.1358876568258
346.68364296920396
406.72919516114496
374.534217694467
355.8456183035388
397.9624193007036
399.99821396911767
391.97351735602473
386.68886193704685
383.6156755773785
377.416111847556
423.72905868914177
383.05127055832116
419.24042740916013
390.4628532163817
414.81017022347214
372.92445586446877
347.66264582523326
384.9854562203476
385.2604416110874
415.13505270449957
390.7024430385349
389.648365366298
405.9759464314913
409.90086858350196
396.7998044732263
371.6409592839354
394.61792264442477
387.0816829252106
389.46149187647904
401.48208558204715
382.56305387038185
367.1681625948507
404.42878521571646
360.0635303598791
404.2138203594167
356.11674880500743
384.43116521072386
429.16853660944963
425.1246307848689
431.0300460664639
367.59311636640217
375.79455393542804
380.4274308741891
394.4649641748388
387.7182911235617
383.14069978150536
377.33846038147743
372.7217753861557
377.30623534803334
404.4997875248013
406.1954618550245
370.1541518036403
413.5175055243778
363.9882843989743
376.11001823255145
432.97906862006414
383.99380509402
399.78919462303395
403.2579153145675
368.4640419652379
387.9215728610412
409.44633828806
370.2658429717755
362.0424352522928
412.6446128363938
404.35777877352456
422.88089308473326
424.8207689749928
390.36561896482874
380.80688976916747
375.6958204597239
399.86823460682024
433.6143558115038
384.6721336871827
388.65620773563217
432.6355903837481
396.4775871377993
403.9744457663489
371.57421689077086
394.179255996535
349.59365754377006
355.81898854196953
357.31450482715167
390.1187447886398
373.34359511771356
367.1826848667209
375.36920444382656
397.3872040101224
381.81206208191327
376.8445489138218
417.0675823395542
413.73763385836764
378.71811199783406
385.8006268510052
388.9634885263755
429.26142351260296
355.0275269091158
396.61288384054876
414.20382714607484
373.79477998916366
371.2848325825834
395.6666516281704
397.1131686668793
369.01441210081106
377.84998423069425
360.0924813680868
408.4486333486277
383.8498533540462
388.4381767907015
373.8881149033105
411.4459586437321
386.10198021948395
361.5505670135995
387.03011623906883
422.58880427178457
429.9601074512319
420.6964194895233
393.81441213636253
382.2037592829373
373.50285568216316
417.9781367317105
404.6359724162992
347.03899043244417
386.39980803787165
392.45441803582736
404.9358752164803
377.9262148996546
387.1775422771312
371.2849068840304
390.1566293420588
420.4623038939154
392.93461580823566
380.469978803938
437.21871620502907
427.44734455500685
386.8691252970327
399.082406018993
382.1891966683545
394.58989856109616
382.96094104385287
363.01750349379427
398.71879330524024
376.23081942476324
373.0913850543526
402.8406885608532
424.2588647741808
396.7849594708859
395.8652528212858
378.0835911998843
363.51880157791356
365.9261395269302
366.20071848205885
387.43393211154546
357.65904901134604
403.4086002837927
338.7386609323627
407.6766466133418
407.49072311958514
426.1967405546069
396.82502318830143
389.17404269386185
362.1117349586303
379.4761046109906
366.81436235059147
401.42693532162195
400.6057693590512
399.2270268927979
408.386816158952
349.8600557833887
395.30973512477897
374.66873023661094
405.28253608304556
358.36224983504326
412.7572697490415
378.2891395661277
383.43517734780085
429.2296747428301
392.4413727433155
380.5035587530009
396.2777981947017
417.8895573029084
381.5605334491894
412.26815169190024
404.18854421808135
416.36585330113485
362.95613852340597
373.86750345107737
380.03425701311005
384.70113574870584
367.2250117060422
419.90010291605495
387.94834468771035
427.29955601244694
393.2710214112618
404.0328479537505
413.6121285476923
364.00491904189477
372.77724852655035
405.1808299374428
416.4180598764954
376.36583121372314
387.5576126382556
430.0241129111638
389.2324875721562
387.59928197023106
388.6480556804426
386.9284921134087
395.96434075261095
378.1920635058035
392.686272253782
355.25795751130875
355.6101078871324
402.522044526209
345.5663761293452
349.7032959930431
407.62656053372996
378.61620530509947
420.40650508616574
388.471499378765
408.5631247970402
384.3847483259026
368.3115932443755
366.8873390452013
389.9134476424357
388.00256842594007
370.7113809922902
427.98141739823114
389.2709409366853
366.5337637641191
371.83983253123233
396.706859957695
411.9291286321416
402.76507763587017
386.4000837111342
404.58462572384235
388.65512077118854
400.74987722900426
373.72258439579366
393.17347929677373
370.12402435051956
450.4182137898321
387.39674586931966
388.2295023691835
430.4787670139684
397.7135956223769
401.9148842647653
387.78975987569817
408.20303959955976
403.41242962831717
396.0919298983902
355.8180572847015
392.916441134303
370.43049156163386
406.98191907586266
399.7250879727877
384.77090058455843
428.7941942315949
385.33065251771075
429.44880064601614
413.39751865928247
387.5848597653079
390.3481690550576
407.06630969407126
398.3567593797859
389.1171567766474
384.7928599357662
395.45067992815694
393.35371424526954
394.6371308628026
388.4769590949164
399.04327970711745
374.0801062127988
372.8319850643564
395.453091241095
387.01120598255994
409.12577329186087
385.266630428242
389.18513781075717
358.62076041850383
372.3035646973689
390.4328482814833
386.46245328200587
351.3534404616372
393.4860463152889
409.2310348291527
366.15482431759517
376.36197696529996
352.7900099457812
409.48910737053905
439.5768151004405
387.33895916880283
374.59945564803445
372.5640770071022
386.7040964855158
359.6919626930961
373.36793430313185
397.0354187234849
413.69692693088166
379.60942775563
370.1664501214248
370.8747700369715
436.28105013301655
391.7516032727841
351.27379900339
403.58529312297725
397.8640484887097
420.4415761106437
419.80226230243426
400.8543497539332
379.5539634677875
373.6439020967056
375.5622100338986
383.9486636563846
376.4839949616797
388.30388720438003
398.13462362019357
393.95449079921826
415.2293228716024
401.3529697977925
360.51300611013073
384.88380356556024
379.8241949596313
386.0079815307782
387.64426686604094
399.47343545233696
396.0307742441618
366.66832368079577
366.23245508209914
348.0506884480747
367.2150799592961
389.6075659941935
372.9424233767014
393.0444988583025
377.6555751623888
401.7179178350419
420.9015628386395
418.94126239554544
376.4333188424912
405.361000527935
366.11765765952146
377.06122976818426
407.6445597741055
391.5377739123614
377.24084275106054
400.24969113005227
360.98770948430746
386.08832413224405
407.6077074116879
450.57331937724877
396.73715643878904
372.82396804984904
372.2173679261867
390.27793575445264
389.53056610243925
394.5193206076129
409.4837843486558
427.46825970817144
398.5682143603645
417.41456136918157
401.16058562360695
419.3868542343568
390.9704938643091
386.1595492301072
399.92630008382963
380.80066981359334
443.099571925172
426.3639071808599
403.2125064090318
394.4323760334594
412.57085060269856
409.7838745961659
374.73743560413254
390.8473685452401
415.1294821977549
410.1251202735495
409.0463374739874
377.2274921736523
429.05853899371533
398.851108855962
371.1399316110985
371.2031797921637
383.60635793120724
332.003685572702
424.24239291423237
404.7757671044197
355.2403709822672
406.8034637613788
382.33544271302554
376.6679727430092
410.4433738403157
370.7652816776195
395.030335276929
387.0688537875295
367.8777296952918
393.69275473182273
389.15111178362844
408.0873728159755
376.0593063421222
384.2510548880813
378.9005751589584
387.73976933093627
397.183619427257
399.0116071790691
416.9635169607915
386.4657754540214
382.7716553639893
401.51584149619606
393.03271274427186
389.7407406473025
401.8449711470454
383.9475550020085
380.9581441710279
419.095339754832
390.6419147783362
408.686478110134
396.6644426402349
397.933377449619
417.60249137445743
379.7147920585094
398.8690773561167
390.13271469349377
407.5014243034444
391.1588915959872
343.75901309129085
406.4025382846442
395.5447429132293
409.02508348457235
391.3727113058259
371.3614576946764
378.9237873426516
398.1830866123516
394.9273257646654
395.4724417613632
392.1560435708642
384.8528721867853
417.9222451626817
397.3558934874235
358.15120629282075
396.7165182900876
379.85198627824496
406.393054968025
365.01141192000324
419.1677653286291
369.36932144639405
377.6905740959373
394.3983812177967
379.79584863362606
396.63350435648965
426.6790659520596
357.4984311064803
427.74733343429705
383.7144059110741
410.68146923947296
362.30513109230776
413.3737965760355
359.57788899467363
392.52284168820506
374.02970275738016
390.46783598086336
392.736608295049
394.27131569010936
401.0311451188683
379.1717130852978
408.8629661300317
388.7890102972382
350.5112612682681
362.9181905306428
406.870998014786
407.36691041598476
379.92001752787814
385.2932784220753
416.48922559142295
372.1504383103142
425.6560887166098
366.9232158363939
384.57328321014603
430.4936491535203
378.8734025499039
440.8617349343526
369.9847410032154
399.4947751366643
395.6646365525074
410.0158787394521
359.62102773417035
390.63075031858926
402.63486728244726
405.41026465372954
378.29816959405537
392.010187334956
406.4045754895625
394.7595145315614
364.4363355424701
447.82256148198684
413.99786431081867
429.3814406494748
408.17513934046764
399.066090821933
398.83300964665585
383.86785933361296
370.90113310559366
386.97779391621214
406.58000061449985
397.92040406072556
370.4817574909789
371.8227262087733
386.6891619737303
379.95600927019586
425.53112533277283
395.6634699492622
399.6051160628132
426.3804991902501
391.7999188367555
409.1705152117824
408.7874935558533
423.4272782615268
417.28435137659926
393.95140357861175
399.6796237044571
461.93193106200545
390.7154579461536
396.70708820330344
444.08982991881004
404.6017820966863
425.56894301218216
422.9489397800086
415.88740325406263
405.79161952990006
399.1738041997238
393.0992098223045
375.4072848354152
372.11434120554503
370.6208632128179
359.9356830555447
382.6241288003497
415.4165562979809
405.1855806678099
359.3095120171738
362.54462009807673
409.7041092226377
363.2191613846072
401.3800806533198
426.22912271993243
389.23670003492026
384.425168907406
406.489692696672
393.94343315927915
397.79023358228824
395.0192026006458
373.84977003329067
381.8916078088004
382.25694855211
427.3610384314452
396.37451108272637
378.16801359808437
389.43099822973966
401.46236496819256
407.3537643839974
370.3287959609207
386.02144000674116
406.1992453672371
380.2125884155448
384.0198092677769
355.3665357787416
373.3077097283746
388.7380829421074
409.3916174883773
405.05405377398563
382.4689351682965
367.9010982460959
402.6303004598147
422.2070314895591
359.8242883878389
389.6704959656881
402.7953457662037
378.9689712574873
424.81324040770295
399.0992617136439
379.44237820471915
405.7341122876756
406.30548247042896
405.5836726884956
430.3591348277294
433.7840606811668
373.42831624964117
355.9980621838877
371.0632466203896
376.75853543030206
385.72011387859123
342.7447916180985
370.800412328226
365.9590377859195
359.91913561079053
398.3775359108005
395.74193687366864
354.1696390890651
385.1017907315252
419.1577278084859
408.41730087090707
374.9773956862559
376.9461314959514
430.29151499797297
362.3336322703474
382.7169919214816
350.46903265139065
382.4498078268055
386.5238344813689
423.3149793996854
397.9255712847963
377.39795927187396
371.174307017817
361.040577178851
368.10811886033036
384.417872137735
343.7727575034599
370.3433894118772
366.4383254530868