
306.2569253358915
291.06548842712573
233.42976940371508
342.6358164205359
344.37834724155084
376.131566714112
323.25202419472555
366.48676263839667
257.2169833329416
287.8500167477844
371.89990874113874
302.06329206426625
332.9357128967012
290.60738365299954
406.5823602879046
322.70168707070223
326.16631731737203
351.17350823917394
386.91899434906657
376.91174210249346
370.2322951652117
323.4557513126766
372.68539265929996
350.53100990665246
340.52891975263503
319.19089545367126
392.22926618126104
418.673418282657
385.3757978580174
427.7849670975643
388.5987208862163
406.93621213607054
359.0657949602402
362.9084952440278
413.6829558437659
391.64978917539503
417.78246989006414
392.94730452329986
411.4211612315671
402.0381906536864
411.9828275186871
392.7872287682855
370.78646851067185
436.9752246308814
440.10073196757855
442.73113422811196
468.50885763522047
412.36061691113736
482.62975315111106
404.9526590723334
407.33232889559275
440.9815857289701
439.4371802412119
417.2867700283502
480.54032224441005
410.8977358059452
427.40102087609955
487.1998110167498
425.4728767266805
485.79686747065824
458.1542851733402
473.2018964528576
526.6967304754967
504.8555614612768
524.8181988777548
537.4762105464704
467.76202150070594
446.75206906630274
450.9936941471748
556.32729575467
560.5156727896756
506.3503173253563
558.7851894416016
534.6034802229644
555.0396957430903
473.9577625269015
481.9474994105907
561.874474818648
511.5751055314683
526.3960290828035
594.7839449175877
548.4703010916669
522.2374905013994
498.5094797736298
550.4612800485386
518.5247193372953
548.4622307701468
501.5008034720687
534.4914531160775
608.5642208823346
603.7916648585832
536.733334251866
531.5995445735764
538.1778796408457
581.1081513795859
582.0025249347373
534.2690972356613
653.1525249253738
588.4919236481205
618.523511021174
552.9216933862986
552.2760675795533
498.5571409276728
640.2608948262764
513.9105234172655
563.3438160400239
600.7518479187145
566.5858262673923
578.4758200004458
599.8024191172483
575.5121210324911
595.4309667896639
606.5209055593389
608.6437174564786
583.0152512634735
576.4169583396803
562.96773928125
563.2192244030745
553.8833995270354
653.9028268531372
545.6419440610904
654.2139800671655
619.6899541633513
615.9566933286675
558.4494514737714
558.6380348150578
566.0240844561463
604.5353315246261
574.0764182167113
578.7749695621806
583.8259571396441
671.5732081243048
597.3338636153073
647.6765257180089
615.579712180338
652.7436235715344
600.7157434620924
623.2308226074508
568.780509151033
632.7525305736838
589.0786104314351
629.7066048296983
653.8636822203486
636.5471774173682
577.7166934579014
611.4860393772808
686.5662819128539
623.8547858808834
624.0723087009588
623.6164415442995
688.243799111238
600.1419011636386
628.2617879268169
599.679247527267
633.8678822129383
624.3492137767443
598.4279321881932
647.0427206634852
679.9338489658858
605.9496774789171
597.7080772084325
675.4517945812102
646.4167843115749
672.5577336201725
638.2340411736063
637.1782165894118
672.8116114926158
686.2609732161113
716.033574306421
592.2925915948507
627.3262001530336
646.5202286794661
686.0573907751262
696.2463985549301
621.9489399991071
655.6868495897777
648.7861534742483
645.4488189629863
642.9293463656646
638.4807258509152
666.4820329789691
569.8960222155864
675.9322072829931
692.94539131729
684.5769525976914
684.7489593582317
698.7352018522995
630.9925599963058
639.9672613543743
671.5086453947165
637.3276166028295
663.3845792813479
733.6305794900053
670.1038486182558
663.524419105395
629.5894326628738
695.5779106863599
657.878147317346
650.9528701482062
632.094282667771
694.1126309127524
668.1239239446094
671.6266519362109
663.0419225776556
671.8545747280592
688.1213443583181
691.133429642989
645.109072569518
676.1119892387474
706.3268652404403
684.8273325648823
699.1756422266669
665.6406816937999
695.6879462785813
687.2316864184804
671.1239302321625
649.0556056108463
696.3001726177074
698.1086248469406
699.1300074567841
653.9335431828513
691.3417899780034
679.1596271211164
697.695264823723
698.7270263168555
715.8213815100688
675.6838500995943
712.1790833051571
658.5484869546582
684.0928400723244
694.749751543946
724.1123129534938
757.576263935602
725.1409438982203
693.6222562602914
730.5701899489574
719.7615750444863
710.7732254713309
707.671639391584
752.2854685348981
660.7466314128864
684.7484143396491
684.1101780564634
727.3673944071533
705.5534827789992
679.3925837737827
759.129702764376
700.9491952498072
709.5672120629124
737.4738989861976
744.0469086439788
679.4737317299246
695.5910882639836
648.6930311916951
665.5782811988897
728.9206940165121
687.0897318298933
733.0408138644176
702.6734027242398
667.5204738171182
756.4793743183902
724.1770666246036
711.2486089692272
676.0191681208245
759.6676883492457
679.4468677553657
696.6304483046445
699.4509589400873
743.3417578708347
688.2332607474723
728.0644402142633
724.0073258193618
695.4306909910017
718.8391690203283
760.6875639687244
712.3722473194427
728.0690992709187
771.5670814444131
731.2024451204162
724.1085522943906
734.1540592139484
713.3750006581747
689.2147488953769
746.8202785039769
709.048195344745
711.0023977710144
747.4513937354016
684.0021104577634
763.1636884875918
749.566257351312
723.8735032147939
747.0439744006928
723.0594406628423
721.3815629533153
743.581656190789
761.2015568230152
674.693325465216
763.666902060694
747.171444831165
753.1358090525129
808.2026243495081
756.0543631772867
779.0489840971766
754.598195191055
752.2035589338931
775.3112162620583
728.5922133707633
752.6086179410888
746.1091798726278
738.2097086145627
746.7778048223411
703.4242272980118
765.1799198579461
711.4721023811105
728.2740484766425
735.6017562952807
757.0441015890409
789.7092517842887
754.2849710217147
722.937450724271
708.7626314431129
728.5764825718751
724.874194411237
736.2852586123256
817.7415070667712
786.1583590002509
730.630516866037
793.4594963780953
751.0038081350019
738.9871707046511
697.3385104705171
726.249639153381
753.171920344537
787.2496510387427
734.701661928086
785.1892011942364
799.8493788722978
780.607822070903
654.2040086402611
756.9557469530339
769.5795555860092
715.6404078143398
812.3274634249116
764.6663139714971
706.7424867685806
740.791512876407
765.5658126546386
706.1960755894908
682.7071530424449
746.9203910671106
750.0700329472191
749.3299704494023
734.8485924668648
778.7758191543624
763.6168434758572
784.8710152191053
756.52644898634
752.8662768328575
819.0050422656626
785.2253727108898
767.4335273624432
750.9579685810766
708.5254138729484
769.9832964553643
774.9086460094093
705.1149304167013
759.5849772684444
798.5997715059949
781.0872560697061
733.8520257206221
764.9517601336
780.5735162555471
755.2395988544196
751.3732797559544
757.3772003319001
759.1601756357298
767.5525689706546
799.8792868718898
762.2716421673385
742.5671752074835
750.5100269468969
825.6881600503023
768.1768994266719
789.8466411234317
736.979163570308
729.7517080483884
783.6146578230554
752.5715438169644
794.3943758069929
782.3930178603086
721.4602648264397
786.6421113806296
740.3768432442259
756.0018388815245
800.7687094131086
762.8964872944168
779.9635957259084
805.2563714678364
753.0378982977652
756.4407554413553
732.7933735417477
771.3521454377963
747.2303955838893
819.9446494729551
786.2469755696146
780.8705163463371
756.6702405356848
798.3119913141651
744.2260019552676
741.1685904071607
759.3978207735557
780.9531831707479
760.3783850812351
758.7131791441794
744.8423694612962
761.4303183740515
768.3477121478429
807.0653646964013
809.2808617964057
776.5498325119498
777.2026883478928
777.8433146339055
746.4797536921513
823.5266995393355
691.1910688363361
776.6710544606456
729.9507256912582
743.9313503582517
737.6408170887643
727.2915930021851
774.5966153961851
772.2657822461384
748.1639376465198
720.9410021247521
776.2700453814498
789.6584584819636
794.5918249447562
809.0871171560101
851.4798998176744
726.6962093137993
794.7690619490598
755.3831080537697
798.0624208468544
705.1233595803476
712.8097842713895
751.4675366171193
720.192341570282
721.3615756474771
766.4035538716361
769.7154222122647
813.4711910691528
726.0477923102501
780.4653438103517
736.9599311023084
777.3650417954028
781.5393176539317
735.8788564418849
759.6332786631282
773.7334379226438
755.0406440961626
769.0202241286221
762.8082555423366
769.7622578310923
769.9152074400347
721.507063424562
762.2378101145803
683.8268549517284
763.3208125521135
758.9735640488228
767.7701731513328
812.1003079555619
731.4481279598988
748.7318793791807
760.2855545108616
832.0443241766045
773.6626236614164
748.6258188800217
771.86199373149
754.4413651147363
784.220385764874
750.8767247309089
724.0688711615945
744.8659617285393
758.2560522001082
742.7741516741742
754.2533334837183
779.8078683133311
734.047855878992
737.047500157693
728.1540751863191
784.8035136665135
767.4805014664595
721.6556182320929
756.056118850967
771.5435404135629
751.4029801978052
733.3884943298642
787.9076988376091
836.801111957282
793.8993989254878
789.3930358051048
779.2448558786365
768.0739624071706
768.7539714431784
777.1632186326829
762.3066402758371
723.4126100956756
769.1430019196213
814.1114558196417
756.2446412478351
755.3457378510035
744.9162245772286
790.4971509311597
790.3524337065794
738.9223769610609
769.8476538419176
754.4263002119606
746.2208128379497
787.80452655445
785.6693087470296
744.34017593981
790.8051080333163
747.810101014389
773.9273905895614
657.493824965062
718.4838120669477
765.3996918057524
764.2630861494565
734.3055931143915
775.0834113522582
776.8791504052909
730.0573474717874
795.6981640880011
745.9628119842209
767.0077386047308
787.8949928151794
783.3676606788845
780.0384095098864
727.961913997162
765.6926133906766
768.3182335338665
727.5260927688041
701.677032594454
762.244749768117
762.7392595730612
746.9048826504135
811.48823895389
725.0998563764942
763.7447306467838
728.7829423064095
779.0527297310722
796.1491318384103
718.2363994421663
767.0919026487524
777.1193126976339
820.5581746391696
749.1813775016495
783.1564273025098
795.0231086043389
761.883648226522
786.4157032525717
788.3275862725669
741.9899644124702
829.1032220180529
775.1451044269709
769.0103946655079
755.7563184830811
729.8751145578192
787.5183414669887
759.6094386147661
748.9473249654892
737.183657429869
758.285988642513
758.9547498829395
824.5109989708395
813.2045165531229
737.1490044398755
793.4082897858873
774.3326715204627
813.5248787145231
726.6889508095811
763.0982275147344
768.6391917006257
788.764819401235
753.4773416878627
807.7024238736174
803.1037588708883
780.5576751242785
742.6120071802977
823.9885194431956
796.5407150788658
751.6993565924738
738.0330793649418
750.7831372774622
749.252420424887
775.8618989211287
777.375779554738
775.2103362387065
749.7839670400696
827.3067343946625
803.575837946949
757.0609349491382
777.4972850062125
753.3783687520296
736.982152516741
741.9748840675563
802.1461266095481
810.8868655235758
780.2729743157405
785.910886190077
737.7971858260175
770.6782905906332
736.4056623623588
806.9696016746877
731.3749314004231
751.7177087136786
756.1673492236414
749.6169991628886
787.5151537427616
780.0684487922881
822.0305012277098
708.6137741560422
748.4782652070323
730.2517597564948
751.8488178621014
761.1710325413068
733.1627049763082
750.8612123298602
777.6028640437762
788.4508511573524
742.3541024012429
769.5789696040044
789.4858757037167
788.5490807010162
726.297819427153
780.0838355886569
778.4076950843838
749.2941808092414
795.7787491202722
727.1952909941544
776.2040580576842
777.9026934748229
766.8735119935398
777.9020248134073
796.792151402347
744.9235183094495
762.2033369030593
772.6834324062021
804.1448284322335
813.9300714006424
767.4504932007184
739.7834628575473
773.8726286913719
749.5952304090507
791.4515672029287
717.2841989378719
735.3536801493564
732.7144690875892
769.7698879401744
790.4997422670815
784.3803336957176
730.5401486218926
765.4357923958148
785.6359643530265
772.405671517185
764.7053754671798
737.9234655953836
752.833139536847
773.5876896517084
789.5604517568242
728.2703802303469
727.9320999005421
750.4951089262945
753.5842318489956
752.932610408312
728.1700054435196
755.791359229929
783.6329590351448
741.9390803730691
732.0433206569686
767.371645812765
754.4160307306912
756.1179057224438
768.7463354987857
752.4432522996303
778.13018949867
782.9084839672722
735.925262009966
807.6061470687703
754.4533595151128
765.1585842388937
786.9089773769758
795.2144565024607
786.3154603653221
763.3255609790328
713.704377899661
750.8495133634362
776.1901600503832
764.387961127956
783.3996537637984
753.799455092008
737.9027067712839
780.3184703020222
737.6568699388986
741.5511619643444
775.8787580504035
796.2149201846921
765.8055573313396
769.8022656454767
798.2936922575584
746.5033167631921
766.013675449179
741.3034931155194
753.8258492004069
772.355924340058
774.700575766233
737.490555011417
768.1584442483761
755.8578208216494
805.5519843716137
761.3115873760445
767.1796668115751
776.7733899947208
776.5898234234048
718.2243877023182
738.4925544022589
783.9786222608763
742.3395915724893
695.1415030886994
737.551122905157
752.8061167586775
772.5519229258832
777.8492668062274
762.069628435612
764.2647603195016
764.7458263207382
773.6372206424555
755.2466943389757
759.7538067939239
760.1211621565135
732.2183174029183
765.5163178563964
808.6528543863081
787.943394143764
794.8501314576565
802.6212950613569
743.540404507699
762.1967369991617
794.1679933018639
804.8560042807483
781.5753609281912
771.6868749359097
718.4266762396653
794.980291493973
763.5041612540383
737.5726256439586
738.3245263145475
722.3217051780225
775.8537487972645
742.30153662526
805.2507250782635
780.4614146100628
802.4254889114404
772.7186006838891
772.8149682020785
749.166936420688
716.751963144273
802.5895760708577
741.3382423289557
733.8085962901774
791.1159653623861
813.0616455728698
818.2653202725699
785.4965662615966
730.9203471832238
767.8286966472308
752.5203114621247
695.366222703047
813.8400724526817
777.1314888821637
815.8951262718402
742.0154069365788
820.4284894511193
746.8399942484103
787.9576023066905
757.3131638057273
783.7488839282094
795.212364830392
758.4653422454599
776.36328344636
728.200841585038
791.8866728725573
798.056592593527
802.1935502885295
735.1845244499799
774.6024185582897
780.6170466024518
771.4355808522166
811.1951352188987
773.2163555735975
719.2046662255037
759.7019750862553
750.455852079415
689.7293092264389
769.8166728530651
751.8619857569655
738.7184110840401
723.426409869087
726.6439746171534
766.9515525708676
782.0857491651543
776.4352728869418
715.2093854230533
719.5517621265736
712.2331691338766
793.2347267423534
787.3872755823866
798.6474395642913
720.048471278132
815.4997775483732
771.3874410651258
772.1934879370717
760.7618348170993
793.6014801372177
758.7430694503197
756.9178858808
805.8043223467138
698.9533067855359
748.8500942590406
771.7350161878219
739.5830415136636
799.888664956435
778.1462093404795
745.7650156889351
748.036526665657
763.5038559408893
770.7811853076054
722.1939486890769
776.2202620342396
792.0392211100534
759.2597715831179
747.5787029724262
704.9423216401914
781.8906339170494
766.4672868430989
739.9056885488113
798.9142828691471
757.9683703386997
712.6231098970277
747.1408873873175
745.6138180946937
772.939290019852
772.81233089584
767.3427998247214
755.6270672157792
759.4361077440856
691.2814956168969
773.3644391128338
753.770767841636
696.9622671678984
793.4340635084648
727.691265974501
743.6653826506565
776.2511525899678
748.2990522486332
750.989353634475
757.6808412126054
748.0597897226583
786.4836924968142
787.3736513271754
785.3888973534628
676.6680183040594
802.5518981266504
763.6959542451043
777.0394048546844
755.6936366445753
772.2537743851801
697.7960213568919
730.7931855935052
767.1432486065953
810.2043390917806
796.2036699035336
800.4923214066637
741.3539886689441
794.800222060838
794.9021999938549
743.1067959593926
780.9211824250901
773.2647727379123
815.2551083802628
720.7694399072981
774.5126887466723
760.3173653005073
773.229948839372
747.9931950080975
755.3620008116325
822.4962948478822
743.0951250644415
799.1697272173847
785.9421564862342
807.9564859642138
771.3232037629555
751.3406806893797
795.8128454205386
761.6519291179669
759.8341017008119
794.918982179033
807.4033105698783
812.9955106021998
812.5291259674593
771.384083804701
809.0522619580026
743.7280079017767
786.8939271516458
727.5618565879445
808.5257913678718
771.3236431694447
757.2387587119965
807.2308344370201
812.0611441933219
730.1219048798282
720.0535537990191
784.2959589077738
765.4098083861539
821.8241991934668
772.3087087728006
758.4406329996508
772.9807483109258
782.2691030730334
785.0045656684072
683.739097664177
716.1068079739935
746.969502299667
736.4730839219121
770.4284305144788
709.6853896156856
771.3972548891726
731.5403198640192
755.2896900177026
753.4053763503182
802.3184623561599
754.2547120403905
737.6607855999325
751.2810075463276
733.2448741158446
784.0368019073223
752.5773346422126
754.6589229027161
729.533619170579
759.2690838251162
732.55845946226
735.2383106483171
757.661989017539
756.583696995402
787.5169296851045
759.6227571161215
729.0092950403431
697.0380465423381
727.849310287425
753.275867595923
786.4790073828636
743.2895762179527
772.1756588771234
751.2829451752957
712.100163273115
796.8024086517227
757.9191593931882
756.8737168375036
720.472019378161
765.0973675337962
785.8914146456971
755.998798861214
781.0015520838191
729.2779958767176
760.0764096221409
765.1058086438919
776.801224640892
793.7395806312633
721.2223036091093
708.5559820926849
769.5084227219149
784.191826991291
761.8862260431375
749.0765386850405
740.46708485002
754.5886636772965
748.8218300807852
733.9733096734861
779.6355019217319
782.7427616551863
761.2698502060032
760.076744287152
803.4470204072812
760.6582569298218
759.5925942282114
799.0079188113967
810.5868212786229
747.3872724249654
802.5665661058813
740.0526167454692